1678787486
4142323692
4142323692
990529277
990529277
3900990375
662299942
1138587640
1138587640
1138587640
305780058
3902322388
2437612823
3136530155
3929895027
3929895027
2097308962
4108963068
422754305
3466214161
3466214161
203712911
433511772
2279986215
3780398256
2018077485
3730109171
2688374762
2688374762
2688374762
149175409
2563646351
855021497
3416820240
3140949575
3140949575
514506462
2936560428
2936560428
2936560428
1410575403
684541863
3448962596
4048935307
686105095
2821177178
3373464366
3758842978
3758842978
3758842978
3758842978
3217976130
1190928349
2785096931
1056561007
3543262711
2603015993
3894761933
3964037404
1506061749
1506061749
725361120
1402059361
2372071091
2053719852
2273459692
3750157546
2784927635
2784927635
2784927635
141833516
1512000352
4226960231
2628008742
2942581438
553228664
3382801377
705467408
705467408
705467408
246776049
246776049
3663813207
3196108399
3874385979
3874385979
1432890035
1032956597
1680490958
2610300203
2610300203
1480464526
235030337
4036466489
486280972
2956565966
1609290277
3655622932
3655622932
3655622932
2697389169
1077772984
4229751274
1773166039
2945346073
1231180808
2927975172
758052226
758052226
758052226
1897258440
4107321623
296580624
3873938919
699942697
4192894641
1775194468
588784689
588784689
588784689
588784689
1163165449
4169573737
4088339957
3895045856
1124656482
2024101444
2810252812
1333821193
720377648
720377648
1766700597
3100960043
2401902051
1086738831
1086738831
2360064810
3418401397
3418401397
3418401397
3033621647
973252908
2967361147
757824890
2088020240
2035570357
1056077706
557728517
557728517
557728517
1251390964
4080925674
3916824482
2450213132
2450213132
3284360140
3501267284
79276795
794371514
910309356
910309356
402470831
2958538125
186453332
690364655
1056839762
2495916186
228693063
228693063
228693063
1508651411
1236684982
2526870603
1257204477
1080833330
1920518442
3472726907
1201092686
1201092686
1201092686
2346481031
1543669588
1274764840
1113017412
3231480698
3568955732
4232731405
1752220412
1752220412
1752220412
1752220412
552491583
1052576303
3413194247
3001667502
1651004754
2030901641
202876628
231758075
140840165
140840165
726447482
726447482
726447482
1671471748
2756366093
3763176341
959364506
959364506
959364506
959364506
3554382033
2130994808
4104787407
3065425412
1984276570
2462505840
3712046343
3112291952
3112291952
3238709259
1767215822
3089505466
1093312004
2281422908
2300584960
316987113
1181064470
1181064470
1181064470
660020678
2766973746
2085904804
2085904804
980664439
850270685
2133737474
3569727708
1985738227
1396821259
1396821259
1530501881
2234012576
427630972
2947579657
1236525731
21304604
1523579171
1523579171
1523579171
1331973351
551861642
4162366757
815299883
1979703408
3878408349
3050390056
2077779442
2077779442
2077779442
3943685377
4091558546
3181794726
2468434962
4261327940
886301625
3965525147
3279617939
3279617939
3279617939
3279617939
1210295740
2396187380
905232271
2720401094
1671243536
825317593
2804041546
911583124
911583124
1447044127
3610346376
4084856258
3479685705
3081302350
846499146
3636053514
1304930237
1304930237
1304930237
3149577277
67209037
72702031
1177993766
2549857570
2316276509
86251176
4017627374
4017627374
4017627374
4017627374
1733240547
3106694137
4284607607
4076145214
1417222986
3644528022
2611605919
203122042
1460205853
1460205853
426221162
685626381
1753143181
757579050
3129353726
228356877
3151798468
3151798468
3151798468
2527867366
1958909381
2821675014
2259587866
1892432403
289956973
2477392490
1206634508
1206634508
1206634508
2180419220
3989515618
1828292537
2294378526
2294378526
3384899977
3384899977
49723928
2990284207
2852664523
2852664523
3888696387
856333309
1357163563
3119024781
1280413449
3880709038
3952608275
3952608275
3952608275
3799510597
3521095891
2064239374
3349144588
1036772478
3109782805
3809617293
2970323683
2970323683
2970323683
1082267029
748164327
1290832457
3969736844
2824693640
741918879
218865025
1550353985
1550353985
1550353985
1550353985
2849210467
765451352
2555590879
497368260
2150113663
1212046742
2738882359
4137108233
2402912538
2402912538
2990890079
2990890079
2990890079
2990890079
2990890079
2157619717
1264955013
2107848577
2107848577
3038232332
1413079935
1197561973
548559667
121028857
162208508
1528297022
1186039317
1186039317
1186039317
2765288921
4001528883
3880638042
3586776532
2613077427
3458975931
586673156
3829815591
3829815591
3829815591
3829815591
3636855648
1300007012
1300007012
3601592956
2082635085
8369344
4125923540
1365047578
1551419629
1551419629
2601277854
3949982919
811820470
1723201624
3233110292
35774007
2951210075
2951210075
2951210075
2504228632
2504228632
2504228632
2504228632
2504228632
2504228632
2504228632
2504228632
2504228632
2504228632
2504228632
3446258262
3446258262
3446258262
1170201183
473922978
3327874015
3327874015
3902380340
3902380340
3902380340
2446311374
572445574
1713153777
933485834
957546569
1674148019
3669609653
3669609653
3669609653
1317678310
850112919
489762778
531028214
2621425422
3343897820
1763783685
3971331339
3971331339
3971331339
4032902345
2772083342
1942201998
2893646422
435578874
1877496592
2386850005
1097293614
1097293614
1097293614
1097293614
2467005140
1433319540
4128904212
3373939530
3194334129
3313806645
633612057
2009359055
2127744406
2127744406
355195832
1714122093
3006368438
2059251470
3586168045
1668290867
1551295861
1551295861
3241181798
4234596299
1351333520
2559058072
1444323291
465627250
3476282622
2700190909
2936171876
2936171876
2887423939
4990358
3292668111
2326432768
943549818
1509096020
417748881
1164641740
1164641740
3887465966
3887465966
1344091504
81312722
2942728035
439882844
3267456198
2004117311
495857330
3577535017
2849951343
2849951343
706803706
2851551628
1372895758
499307437
1829792974
2784810316
392691830
126435443
126435443
2690721958
993147829
688838949
2190333084
1246247213
695514927
3090286081
859686549
1307015115
1307015115
1307015115
3837623565
120289350
120289350
3983802974
984008388
4201375448
4268845756
218055186
484791495
484791495
1335607167
3822117205
2388672759
3495973535
1223912252
3191747850
3667021807
1349504057
1349504057
2851512031
1579778109
3815141862
1618560424
952926858
1266819035
1737059371
1532654101
3677484875
3677484875
1588405029
2649171093
976545515
3489530604
1904492459
1822956247
3881708020
3695881270
3695881270
3220836312
3220836312
2414891871
2388010060
1601573213
1535677979
2990996458
790126423
3289201189
4171802430
2883291556
2883291556
52099897
944119530
2221955731
1803899608
973009910
2885269134
1632597802
2210824044
2210824044
707192201
3102468011
1603419751
1603419751
1603419751
2049493790
122677177
1443274504
126533325
2211550604
2211550604
614752894
585449906
4153258442
4244741191
2886460251
1869463608
554376782
1409346441
1409346441
2033055468
2308797878
2002546736
3232429043
822880861
3524864990
592410473
2791767650
2791767650
4238805552
4238805552
670867769
3398198545
3923837309
1206439738
223629974
174505143
72833097
1142159557
1142159557
3744572127
4163756458
2768353160
2477554291
2051291890
2015199391
2410730437
1477458082
2084491419
2084491419
4038565830
463954981
1402345618
1762887564
1770171240
678358336
3504891540
1881937073
1042942463
1042942463
1042942463
3928644281
277369888
2322482374
3365852301
4084146218
3392205948
901275286
2684796019
4186146729
4186146729
3300453001
1134364766
302375460
4237497172
1733625283
1154726572
3100932983
3090586325
3090586325
4157145427
3615469298
3174630694
1338782755
2941571987
432360663
2727340341
3535338281
3072775474
3072775474
1709960447
2783988170
1100157529
1112802436
2619114003
3506042983
4217441967
2627315300
2627315300
1220525358
1220525358
2478133379
1905417963
1961681535
2048229682
3376967007
1945356851
283960346
4231665398
2627511037
2627511037
1828475055
3344580276
1069999943
1088689941
2788175854
1646001534
3577508040
3821940754
3821940754
2822334094
1946138030
910816428
2250333257
1076970612
1188886310
2535638316
4224003280
4224003280
3538556262
3538556262
3927422242
2627147445
2627147445
1668218204
1150511918
3264313888
4136574120
3596791102
2296638968
2296638968
227272116
3328165585
1919996169
1382952336
1234118824
1635980722
3743497773
1197067614
1197067614
1996018997
1998256610
3698491895
585885649
2148393854
2252929363
1355125108
786798943
3120179993
3120179993
3262020826
3961638673
1305090706
2351896184
4206965737
99027114
635903723
786363475
786363475
2720427796
2720427796
3118370359
2056649618
2303885936
1427161353
993843399
2360254033
3907978168
1305931618
685328198
685328198
2072126182
3379412199
1324747530
3411643540
4135244444
3602051899
3250322104
3001112963
3001112963
1823551766
844345612
633559623
1659148718
3651271597
2532609788
4092701301
2247003210
2182506127
2182506127
2656044784
2771012413
2135423123
2135423123
2135423123
3546216953
3057730738
4273103257
2295474210
2295474210
968379921
1631738794
3345159405
1898579669
617318279
85245885
2410108627
338775420
2534960969
2534960969
3923577266
1481007165
3976132642
2978016048
4154985788
4256373972
1657108641
1657108641
1586041906
2885083599
2885083599
2772178580
4030630573
3317763238
3409048333
3442109906
2683905934
2824134182
2824134182
2824134182
1061471523
3810595688
3592717269
2022552930
3714149053
2183512013
1283620192
2250395076
2250395076
2250395076
1768450281
3728135608
2788501974
1923026668
1636346061
2715206990
348848847
348848847
3752196433
3752196433
3752196433
4275650065
1102382716
2318347552
3155872073
2491887866
4039832604
4293203715
2623280758
2623280758
2670975728
216427325
2605599227
3194408923
2583715097
3762994112
3826515230
956349491
956349491
956349491
3488361367
4142423016
2801526552
4126817222
1519997596
1126646956
2574515300
2915277378
2915277378
2915277378
2915277378
1238244192
334754228
2627685393
2850668060
3420340581
3180227236
2755276785
1801917183
3361134400
3361134400
1521308551
1531875912
3512142602
168956995
3299106285
2023180020
3551157676
3551157676
3551157676
1084126811
3438468044
2819884097
1467509525
416157314
1337353872
1854262000
3050703021
3050703021
3050703021
421990392
1154005279
525738460
3851593637
741076266
741076266
741076266
741076266
741076266
741076266
741076266
741076266
741076266
741076266
3534336475
3534336475
3534336475
2802760675
2802760675
2802760675
705246143
426596030
599679205
3360665940
1571371942
1231193576
879600512
685551395
685551395
685551395
1940044044
3083061117
4054687754
1009676394
3574272153
3574272153
2354864912
2170055573
2601079769
860417640
860417640
1992466329
486915507
415181125
2278551864
830921873
4197618621
1889358648
1889358648
1889358648
3442484747
2710617360
529402436
2712727601
2791101909
195174189
312893667
2434581545
2434581545
2434581545
3544313754
4174043163
790744943
2092801249
827402725
2533899094
2985535177
2965541590
2965541590
2965541590
2965541590
2416646820
4206592917
1602724678
3944988161
3529694864
1741342667
1647162169
4024767752
1295761937
1295761937
3600002573
2492039424
3436354622
3436354622
1143409219
3054962114
1245456574
1245456574
1245456574
3196258237
2325822771
263246212
2601613240
3987475054
4131063381
2194495444
580346317
580346317
580346317
580346317
1427989396
2295455264
3592990247
3720898942
664228129
3471751730
1689573901
2775966913
149120741
149120741
2615540579
2615540579
2615540579
3473532197
907676545
3191737776
1145476043
1145476043
1145476043
268428823
310280819
2320233069
2346456092
3459392483
2432162472
823940677
455428783
455428783
455428783
455428783
3086782844
1597990826
2191919358
3622617465
3605391800
1543468141
2774666517
1543992950
2640936534
2640936534
4267629244
2220372069
3192988202
105213414
3452146463
2329966212
1274205747
1274205747
1274205747
3054572881
2651875041
583256998
689955970
3156116068
4111382916
873731247
1759819968
1759819968
1759819968
20113861
2643889059
3005863120
789982007
789982007
3205417568
2744451648
2350441256
1742586232
3905481226
3905481226
1411268600
2328319765
4169594811
502517657
3420624295
2665275739
1331323314
1331323314
1331323314
2993264428
384788135
1596907207
2331950821
2649463245
1745822060
2287884742
492345320
492345320
492345320
3193085807
135611949
1018008294
1714407060
2139860897
1936119171
1901528346
755591177
755591177
755591177
755591177
2364287968
2584552551
1420825072
3550047785
503920949
2979790784
3762715641
987456723
3706356540
3706356540
974119212
974119212
3385729571
3827887959
1584513488
828549156
3054601458
3054601458
3054601458
1512284709
3107863415
2083992307
1234222789
2238398569
721618076
2111614857
2296681008
2296681008
2296681008
2296681008
1245866577
705880124
548160132
3526836403
3490828472
1583017950
2702591156
1009211068
651281392
651281392
595687912
1381758761
693353576
996119570
1423486714
769330702
47676075
47676075
47676075
3983740291
2182799002
3749585407
1740732098
3433571580
2928251029
1504966396
1814825484
1814825484
1814825484
1814825484
3921483415
1565285578
1247223973
4045502015
376992889
2494657564
2853324226
443382495
1970353785
1970353785
4283386736
624573643
3109516764
558347490
3075043461
4050411546
1600015577
1600015577
1600015577
1136164308
2454316779
1816701105
4266772776
4266772776
4266772776
2411749658
2578727290
2578727290
2578727290
1339266093
1339266093
3492331503
3492331503
4094094609
3120264228
1948958371
4263173854
4263173854
4263173854
1876635960
1023812408
3098985070
1425924325
3234073016
804374547
2939489312
2748541777
2748541777
2748541777
2748541777
2401177863
2139503308
1850955603
3558507350
2460946616
3835857182
3966307176
3966307176
3966307176
1287626317
1239701690
3508440407
3987168745
2384167627
1565047303
2519166456
1375624384
1375624384
1375624384
2205056932
2476768028
3116060489
2547596121
1385707833
1385707833
2132140477
2191090658
2191090658
2191090658
2191090658
1551766237
1244793994
2118968698
382040830
710411743
2500659379
1818413635
2660014593
809886116
809886116
882051134
310419958
649684577
1185148168
1340874052
401517227
3680313151
3680313151
3680313151
3477657268
3926923645
2474554066
1299339561
2260432603
1043146002
4052290452
30773960
30773960
30773960
30773960
2726895166
2078366295
2078366295
2563601168
687166826
1575863161
2808003799
258457443
3232583591
3232583591
812197238
2640925388
310863001
2596076933
2447139402
2972527515
1383360795
1383360795
1383360795
3245578451
2788254334
3062278873
2681690411
2354640810
2039468757
1174495525
2695573444
2695573444
2695573444
1266829037
4040254448
3710047160
3125183481
2202471195
609278894
1304423343
3425597049
3425597049
3425597049
3425597049
1241626544
4045388340
1247373449
1747680426
1746865196
533720014
1720658477
1720658477
1720658477
844043427
434411124
2959017020
2302657018
1669623242
2201142688
3368374754
3903012936
3903012936
3903012936
3402004257
1817451365
2199195492
972794252
2160277953
3137091475
2412764275
1160126304
1160126304
1160126304
1160126304
21674462
2085920762
4148367709
136250494
3921671919
4055083729
542879969
3211341660
3724088132
3724088132
3490948827
119425244
2525897793
1946424891
1274832067
1845014828
191725026
191725026
191725026
2132816735
2132816735
2132816735
2132816735
2132816735
1259719744
3494672501
2479217824
3414971139
2717113707
2717113707
3752882440
800234101
917161008
2084914801
2148713392
3971994994
1941510482
1941510482
1941510482
3964660364
1210714948
471711445
3802394994
3802394994
3802394994
3554119172
874991396
874991396
874991396
874991396
2019797006
966646684
2363994337
1984251482
3193897501
3130778389
1221372481
3828967432
4051922854
4051922854
2466807981
657834802
1658254674
1293910040
3724614795
418321477
199951798
199951798
199951798
199951798
199951798
199951798
199951798
199951798
199951798
199951798
199951798
199951798
199951798
616305396
616305396
616305396
1245521137
4193267896
3856270775
603285462
603285462
3866410015
3866410015
3866410015
3612397853
1834013841
2579695519
1370197423
1528446897
4247416485
3298671086
3298671086
3298671086
2112848706
696788942
471020724
1512562153
2072535179
964025281
3883678840
4116926052
4116926052
4116926052
2726933815
3071377730
460045880
1058176632
1875557665
2543992593
52384774
184993201
184993201
184993201
184993201
106368089
821111589
1061291422
3848226982
1331448777
2766690170
487416330
2329531930
2577198827
2577198827
3173328146
1164888960
3545100004
38051953
4069541807
3363233704
4072819663
4072819663
4072819663
2759133565
3910358195
3729508785
3932838135
2119958473
1506793700
475493856
1777978037
1777978037
1777978037
440104486
626160448
1601754764
1002130684
3097526806
2164036709
2164036709
2357277984
2513225586
1017825842
1017825842
4126285217
2511104423
45040699
3217405774
341455366
2930523860
2942557726
2942557726
2942557726
3981783766
1170715520
4044616202
2918220738
1994911278
2912283557
2912283557
726299426
726299426
726299426
252834830
231877469
3266977302
435964640
4058746384
2160979794
75541240
249740613
249740613
249740613
249740613
1129310019
1239276531
3974349729
4034262195
116158763
3089900670
3516507689
3673943804
4225936942
4225936942
4292049647
1338920383
3535675419
2768928005
902252622
4035055436
2802407304
2802407304
2802407304
2829913265
2382706663
464105688
2672483522
787364315
2818651602
1938303412
172601076
172601076
172601076
1242674406
3337037593
2426946085
697332995
697332995
2111141883
2111141883
2984968075
2258773295
2630776988
2630776988
3185100457
2276041619
583677875
3060950011
126828618
4092558195
2735242082
2735242082
2735242082
1406403433
2619537545
1975388399
849387933
849387933
849387933
715291184
1848183483
1068118491
560222670
560222670
3734875162
897088058
2038719608
828501035
1163134201
1905038049
2900345713
2900345713
2900345713
2802361556
2227318983
1900311117
2018143781
297794438
2041707099
2680953495
343443067
343443067
343443067
2908781990
34492238
3644686372
2671048040
3363310141
3363310141
1701669928
1456826443
15014400
3059165593
3059165593
1073917157
369138933
2921755386
421268318
461267838
2086587519
4034560580
4034560580
4034560580
240368713
4000345407
338125211
3447725632
2404929665
3509637725
3721911444
2208331461
2208331461
2208331461
3269756533
4221645297
3134889738
2283622394
3292426992
3888261005
1832962128
3606700837
3606700837
3606700837
3606700837
439893540
2864854131
3409679656
2370700863
2331599779
3223632994
3926990415
3473128150
3687087302
3687087302
451580812
3356250041
3497196979
43108813
809019987
4225019927
3991454449
3991454449
3991454449
3902527913
2715393021
2103002442
2434265797
3944323218
1300370339
3610979455
2481532244
2481532244
2481532244
2466928272
2788788086
2193655598
2702575110
3415021801
927221131
927221131
278613736
1033198700
1429970683
1429970683
4036908445
2657024364
1188142540
3518778816
1161617124
1444523627
4275895768
4275895768
4275895768
151413191
879863972
507726476
975282328
3021606504
4194842384
3396541017
3580372119
3580372119
3580372119
891945485
2162849756
1907106880
1382303777
190794399
190794399
1814275608
2258757473
2258757473
2258757473
2258757473
1967514962
1940349865
857854096
4269717835
1895973142
2491564909
1229202528
840150098
813504565
813504565
4178088959
740852294
2938256331
4281104529
1012587859
1317631825
1121263596
1121263596
1121263596
1234308485
1928096445
4221079077
1728047786
2426700618
3978980068
3313334618
1767214723
1767214723
1767214723
2223689667
2223689667
3421980384
3612804395
3140090913
3140090913
2633766389
572503211
3240804280
3332426012
3332426012
4101614080
1930155217
1990597944
249181564
3727998069
1904685744
1652046075
1652046075
1652046075
1565277800
770787623
1955377054
3790868101
101311281
3551274336
689459788
3478446264
3478446264
3478446264
2248913298
3549573114
1885104005
3282490498
3282490498
3282490498
1532691739
294824162
2798937760
677783625
677783625
2277588540
3216135389
2996970910
1078649843
3933574169
1099917939
3366451389
3366451389
3366451389
55997251
3196568733
2200956087
468554980
1590842839
3336278255
2858619576
1176565607
1176565607
1176565607
1176565607
1855329953
1750345696
1750345696
4258227701
1022116645
2586953111
1799831802
1679340689
2375440925
2375440925
3649318146
1543965024
1257542642
3829171493
1785929622
3986049919
3990899398
3990899398
3990899398
83229129
2845654249
1022245417
3884324045
1104072861
3639084409
3427600804
2045510981
2045510981
2045510981
3751183375
2058516857
682612930
2312402379
2678647357
2678647357
1950024705
3194570143
2213854013
1565641927
1565641927
3248973849
3862763030
2715957493
2235327621
3949046498
3012209539
91126458
91126458
91126458
2923144327
3012537369
316916073
1753023424
2277258514
3002128539
343050678
3947592069
3947592069
3947592069
502162250
4212483805
349222918
994756612
1171719992
1627754852
3697201074
3697201074
3697201074
555084798
555084798
815377250
1210780481
1210780481
1210780481
4016271033
448984715
1135889595
1135889595
1135889595
1135889595
1872382464
4038974349
2124116579
3523773433
2574618705
2574618705
2574618705
2372748168
3597667887
3597667887
2052088024
547636594
547636594
4035107537
3415484015
3232968056
2758547235
2758547235
2758547235
2758547235
921294889
921294889
921294889
921294889
921294889
921294889
921294889
921294889
921294889
921294889
2172480883
2172480883
4287800369
4287800369
4287800369
1187976413
3655113578
3655113578
3655113578
3655113578
3655113578
2245089478
975039200
4138510782
4138510782
605593003
4284708128
4284708128
4284708128
3526093769
3526093769
3526093769
1149620525
2589969325
2589969325
2721517442
1337165864
1337165864
2323167094
2323167094
3400014935
1667494341
2462135477
2462135477
968904983
3046747072
3440859149
3440859149
3440859149
3440859149
3440859149
12020062
3846989364
1356683505
3270980910
4197619262
4197619262
4197619262
4276470226
4276470226
730354930
709902299
709902299
709902299
870672827
3813546474
3915268511
4114408703
2556020399
2556020399
2556020399
2857157575
3751859906
3751859906
3751859906
3798804865
3798804865
847099926
1865665522
1865665522
1841298994
3989698342
3989698342
987895542
1100486331
4115989105
257521376
257521376
257521376
257521376
1108364558
112423679
2117029150
2153350419
4188411096
4188411096
2611627917
2611627917
2611627917
1958710400
3732527938
3732527938
3732527938
1099476535
2320906985
2918429692
2427625639
2640880656
2640880656
2640880656
2640880656
1316162730
1316162730
4181250055
4181250055
4181250055
3653648460
3653648460
3653648460
3653648460
3971606992
3971606992
1940753297
3419283466
1577097197
29679691
799169451
799169451
799169451
799169451
799169451
128961269
67128465
67128465
67128465
2702481621
56149747
970902886
970902886
154872945
3624931805
4252479539
1899666621
4006896076
559432409
1426154577
3037984382
3037984382
3037984382
1292370838
1585408367
3457194965
2905232962
3240552636
2965556705
657684537
740724230
740724230
740724230
740724230
1032670684
260212307
2439728897
4264824637
1721979020
206322563
3357469782
3776919285
3736766564
3736766564
3259923925
2982037751
1440826368
2792475180
91153591
813687955
2614930788
2614930788
2614930788
369912451
4240931281
1075897815
3951154796
483112589
4101790824
4131919010
320699869
320699869
320699869
3892738103
179436312
887643132
1226535556
3036632188
4107605659
4081800290
4081800290
1097899749
1097899749
1097899749
4246884082
243084225
182375991
1202110655
2174007759
3971321105
2471022792
2471022792
2471022792
2471022792
3885250781
3529865215
3297168992
1962648037
3780141113
1595187855
2927043663
2927043663
2927043663
509467
797888081
1535823374
3803751356
1952559317
3233925382
3152225455
182773648
182773648
182773648
182773648
2677328544
2836644464
2416533592
3722625648
577716848
451770488
2290553828
2479186278
1940426649
1940426649
411248825
2958231404
1101688507
2271113409
966610662
493590301
9378949
9378949
9378949
3287459136
1979957085
45270160
1639995942
961714680
253710663
3442893289
393844163
393844163
393844163
1776695819
1670672211
289030316
2210367953
628885204
628885204
3977033076
2381309793
2230919733
805340808
805340808
3067389706
868735225
1440376433
1296661809
1482717650
2576719897
707290634
707290634
707290634
2406007374
1836907251
1911469413
212678103
911780712
911780712
3395359817
3110226431
3110226431
3110226431
1109197120
2707251958
2058575312
2843220820
779818572
668329140
1970122089
254240655
254240655
254240655
254240655
886337687
1573740140
3861422540
2568769752
3424719562
3380382305
556256471
4065024722
4065024722
3537830750
3537830750
2767128802
867104880
2008775058
1368137658
327899473
2830272951
2830272951
2830272951
2830272951
3524988189
1290694461
4123984923
1361446009
335169387
705644332
1537377924
3263067423
82958164
82958164
191720239
2800619895
3307324337
346584053
3265555750
1300207646
561253403
561253403
561253403
2132869166
656643366
3310985724
3838736231
2239433216
4248580273
2646494079
196966170
196966170
196966170
3575974793
1213378196
1358059708
1652118903
1652118903
2673209827
1730819532
289004155
3876488705
2213832325
2213832325
2060365627
3214637166
813238694
1028750995
3063766095
780184601
4058556285
4058556285
4058556285
363679335
484263942
3599018366
2006337263
2318289711
4275059339
4229435741
3478569359
3478569359
3478569359
1144587732
2864893218
3472999389
3564239037
1004697335
3783855517
4088594085
455929957
455929957
455929957
455929957
615213555
3630223055
621305224
1609172701
2890526765
4067473483
1708228509
1915307887
1054360901
1054360901
563657891
2034084722
3478429385
2171147547
2970646318
118288934
2692365922
2692365922
2692365922
515929037
2469693701
2110810939
717220164
2961438651
339475519
3911113654
2752239762
2752239762
2752239762
2752239762
3063407454
2987626164
1555158229
1200301999
1771671383
2267315799
1608291848
3513539504
365977517
365977517
3157533909
2275329759
4078751670
3948636620
1980167640
1893894151
3633415234
3633415234
3633415234
2176494862
3380851924
2085196963
1794060366
3925086322
3633137680
2999403577
802640689
802640689
802640689
3031850237
2835145764
817086720
2963788336
4211530048
4211530048
4211530048
4211530048
4211530048
3831534361
1870505155
1870505155
1870505155
3414024219
170506883
2414163176
1766338483
3124015343
3946334902
2287928563
2287928563
1470488100
2813936822
2625818186
205582052
319693930
2351009088
3203782899
3203782899
3203782899
3676484203
3628816017
472457258
456127921
4012969083
4012969083
4012969083
4158438090
4158438090
4158438090
4158438090
3876479790
2371871376
3056581602
3031218651
2431132961
724487183
1186857198
1723193701
2670826367
2670826367
1995686501
4188571894
522947433
1667539531
1667539531
1667539531
1667539531
1667539531
1667539531
1667539531
1667539531
1667539531
1667539531
1192222233
1192222233
2928075540
18282144
18282144
18282144
4068920018
3852222875
2507187116
775262163
1458921245
4065283784
3819205834
583624042
3893857600
1900651719
1900651719
1575400085
3906298442
3848563940
3465041732
3483052886
2316232703
3665770571
3665770571
3665770571
36765131
125283289
2678994666
2188679515
408979136
502114467
530138247
4135870264
4135870264
4135870264
2135469302
2475246779
3737775684
3549457527
1566308159
1616953590
1616953590
2272471249
1181643958
3461539382
3461539382
2825558805
3674530998
4238209226
420954179
1042915071
3867722075
4155178158
4155178158
4155178158
1458661673
1923277023
3553620353
398385449
3902608563
2414304461
4077418232
3475611434
3475611434
3475611434
1786538386
1291031216
974186016
2753642629
1245645801
3827311439
1997462124
4285675426
4285675426
4285675426
4285675426
55796976
3452432246
4176624455
245070180
3882350129
2004346079
2932035942
122655075
2793223488
2793223488
1179473229
755640537
4063568901
3423417036
350769155
3492807876
270150629
270150629
270150629
3583382285
384702039
384702039
753959760
618777451
1038755279
370087178
3448365910
3448365910
3448365910
3448365910
2897458323
2618009629
2618009629
736878896
2929548414
780659389
1394326837
507684297
2393898631
2393898631
2938615217
2609866030
2150208916
2249273546
448416522
576028784
4077116412
4077116412
4077116412
3048275408
798589623
2194688167
1979014381
1686470994
250189532
2699265037
2389592978
2389592978
2389592978
72175961
1914206403
2429622787
334074324
2181959988
520372814
2801130818
722076055
722076055
722076055
722076055
4200172262
4085409456
1450705483
2377253946
2706889040
3600263236
1413732052
4110050496
2270176797
2270176797
857296586
3724975111
2566501937
851885292
199568836
3476536017
2293114043
2293114043
2293114043
970346011
246208186
3158703890
3980111043
72049043
72049043
72049043
1462590903
3576354259
2698646220
2698646220
3523353475
3681237862
1159486705
1785085667
2862040467
3264574411
757396931
757396931
757396931
152008777
815490520
4260117724
3160160170
2553581799
1907450974
2481789423
1271321122
1271321122
1271321122
2416644244
2416644244
2221652469
3764368190
22009604
1089856504
1908324169
3037894512
2073970757
2158540018
2158540018
4061139149
1061264202
2368552812
408655189
3608226988
1823322286
650907531
650907531
650907531
380636101
212515458
1902119473
1242309273
1705294149
4136506998
575934682
3443908203
3443908203
3443908203
2391902687
30521317
1872700471
1625654183
1469175962
2938475767
1712891675
1712891675
2991214732
2991214732
2991214732
1232891351
2921309856
147222133
2977958728
702786068
3601751012
68460828
3448520978
3448520978
1804910642
1725964196
4219018521
4254349777
3389171503
4014611865
121524468
2164502221
2164502221
2164502221
3637293398
901208219
2218534074
3473409335
2282216925
2487596951
3245101888
273041842
273041842
273041842
273041842
653200830
2959957798
2959957798
3250353103
3658084159
2158432279
2592739539
1613753899
3036280154
3036280154
2933133657
1738710363
4154667103
4292399145
2982055753
3804319009
4044450397
4044450397
4044450397
264998539
940480821
3893603160
40381382
1648372691
228178189
2243116222
3384454813
3384454813
3384454813
3384454813
2003860469
4187928667
20721461
2142358026
2833015803
1775152134
3647861896
437702654
21354294
21354294
4230416415
3037170912
978300084
4090458218
661174068
339988082
119586238
119586238
119586238
395999398
2008438034
3024301908
4158317188
4120203493
92362002
4169287936
2168037099
2168037099
2168037099
877366526
3195870850
2528119210
797048871
1980990047
1569014427
189916216
3514745644
3514745644
3514745644
3514745644
2193889537
2015778585
879571053
3119457897
2280070075
196476649
2409863655
3697512027
68396281
68396281
3733948818
4228418667
3310859079
1384464318
2152371862
3862975935
387083853
387083853
387083853
2451078350
3634647327
593440232
1506156928
1364896446
77701023
1707550951
1985229816
1985229816
1985229816
2032695183
3624463645
4048514561
3034805904
3034805904
3052794427
3052794427
2707437523
3427099371
829350957
829350957
1655353764
370106749
4017778823
2120196492
793536863
3354644806
1996288163
1996288163
1996288163
168042289
1282255026
3588412000
862766655
2854601553
1243868909
1782585497
3632103728
3632103728
3632103728
3632103728
3703408544
4068816039
1778423500
607629833
589485512
454562165
1954398431
1954398431
1954398431
1017310465
418474871
855767715
3804076630
1482426130
3766525677
1353679394
2453866392
2453866392
2453866392
1521025630
1297597746
3451760102
2718449433
1197821149
1431122215
1941086680
558612979
558612979
558612979
558612979
3180307093
2183474409
2983522489
1990026220
3573574284
3328310493
4235099597
275501047
192733770
192733770
3033322883
198741086
3328501377
4206846050
897565147
1617908699
2414241073
2414241073
2414241073
3394385680
3649625023
1279988495
2228286558
4195655693
1786511171
3295566430
1730357917
1730357917
1730357917
4011951751
61302679
3239417736
425248159
928426438
928426438
357948988
4109925935
1969202561
831697403
831697403
1313075890
719417646
4015847068
4166004934
381462350
2289178926
4048816389
4048816389
4048816389
2602485046
3513483776
462078662
1489688666
2015650469
3034486363
4130297500
1449653875
1449653875
1449653875
1452517534
1644824986
2630846233
483906213
3291037164
1029097869
1460835712
1460835712
1460835712
1460835712
1460835712
1460835712
1460835712
1460835712
1460835712
2587504339
2587504339
3804972457
3804972457
1294153335
3764950218
3764950218
3764950218
1962120411
1988882538
4175531129
2717754810
2546031618
2546031618
2546031618
2546031618
2713460936
1504838327
1497893189
1934657835
2720014604
522624386
1281931451
4212139040
594741049
594741049
3531795813
2085644882
1975350998
2295949234
1166375647
630472747
2641053810
2641053810
2641053810
2801749840
1707264396
3549365047
3930255263
4196725724
1111979353
2351798817
3806634474
3806634474
3806634474
918602063
1592306346
577839905
4279637881
350922868
350922868
1229678072
1229678072
4188049426
4188049426
4188049426
74647616
3533851518
4104200567
182097490
3899443019
3036627454
2387538416
2387538416
2387538416
305772034
583187783
1783034055
1584667568
348554015
348554015
348554015
39867892
39867892
39867892
691961324
304161184
479474777
531690292
2906887668
2529130441
2692167137
1379422376
1379422376
1379422376
1100962355
172242909
1390036151
1176148813
1894989201
1894989201
1768009530
1217304558
1375303234
953004375
953004375
3350345212
402849431
1668446294
2832232148
2832232148
1900128895
3534717342
3534717342
3534717342
320488675
4251223396
1254467224
4270244245
1828791860
987975350
3995524844
3758196304
3758196304
3758196304
1722660312
2437201830
1963742578
4119683838
3846668299
3061524108
170531119
1412677199
1412677199
1412677199
1412677199
2114741073
3614788219
3183988598
1561317711
1503059112
1769652453
2033659413
1943709045
1943709045
3157229185
2534305376
486662096
4153130546
3182386245
3752197897
3395594731
2114325604
2114325604
2114325604
2253021161
229096604
1157086388
2347268948
1136529222
1847701131
4230211427
3365947444
3365947444
3365947444
3365947444
120016921
1727140020
1727140020
3255562856
2191400080
1816330347
3270579670
3929572258
3555071992
3555071992
385168116
2914966300
2714996570
4149064067
3413872529
2584928678
639651887
639651887
639651887
4172507334
1678471425
487978900
595642160
986574758
694852835
504469178
792699139
792699139
792699139
2915544692
3682983297
3128548633
1455263381
2503839062
3286767008
3178789223
2013084898
2013084898
2013084898
2013084898
1430349575
2660886244
484680771
2650422219
1178384368
404643624
1620683903
4269444396
3803971257
3803971257
2676929522
812848648
3473275622
985383326
3224139901
2078871874
402883194
402883194
402883194
3053525763
3558288669
4107517937
2715578202
1153580941
1232332506
3838476708
2025779307
2025779307
2025779307
1550092979
328556983
350390056
4104056250
3437805699
3933066305
3933066305
2104385983
2694805871
3504887657
3504887657
442471843
3666302434
2543336435
2897552521
590793324
1382626596
4294568188
4294568188
4294568188
3352673347
3187663085
1261557403
49419474
3025641484
3976026389
4139690387
1485437714
1485437714
1485437714
3882360919
961026176
3092000476
2552797944
1477463755
3515086654
4137238174
1936613131
1936613131
1936613131
1936613131
2409158858
2271990087
3132008167
4293682699
1357522246
1357522246
1503733562
1503733562
1503733562
3284720601
548217526
845887118
2104406291
1988691779
854153101
3771040065
4277084466
4277084466
4277084466
4277084466
3205160302
3014897361
191602075
1349005849
2473524572
1088795886
3521606017
4022598042
4294720918
4294720918
2792743991
2026788673
2809145346
2809145346
2797529677
3521661360
3474411340
3474411340
3474411340
1377145857
332915411
3258395371
128397525
3668199793
582096478
582096478
1870580072
929564897
1002837955
1002837955
1858836510
2603086967
537321935
4098883806
1318324959
2867998299
127136814
127136814
127136814
1610732708
106463256
291638177
723502995
1584996057
1149403095
1975169509
457897246
457897246
457897246
2027973161
624866165
918754538
2916352740
3925086159
805101005
430659269
1186274633
1186274633
1186274633
1186274633
2985552138
1540971690
231121449
1912691762
1675168732
3771591281
3397845533
3924417356
3596873949
3596873949
2734612270
2064060927
496393472
1273780178
3437888905
647425285
2222226067
2222226067
2222226067
2605686201
793872202
2389997056
3155666469
1930943710
3155629732
1624759101
525386210
525386210
525386210
2879036363
4140673564
99960991
3033059869
257263340
3074653750
2314127008
2314127008
1484540281
1484540281
1484540281
2673808959
1238636735
2537791284
1615716395
1145746111
3837938437
777049046
971749214
923104669
923104669
625757617
3065066753
373156846
373156846
346702338
986446661
97701835
97701835
97701835
4021369145
3985322223
1368697111
202615085
3731965076
3333764858
1829949244
4129840641
4129840641
4129840641
4129840641
1808819599
2702200725
465751604
4270832241
1508724122
520315126
2576818968
1972274517
2099246897
2099246897
2252419344
945693456
459656641
2767595690
2341099991
3639073316
2538999613
2538999613
2538999613
343947665
209599393
41396932
3965926579
1627220615
3717184224
511186480
2220452
2220452
2220452
2220452
1782155345
1817125968
1656485027
1656485027
1656485027
1656485027
1656485027
4023016183
4023016183
4023016183
548112814
565049845
3840706107
3840706107
2584966142
3636699324
3366879505
2405934563
2205186036
2205186036
4174862111
774690517
1444808553
2716543374
690048248
690048248
3502891222
3049145577
3049145577
466982495
1694723345
854191655
880602798
3316861256
2073488340
1768880170
1768880170
3638675918
3638675918
3638675918
3331969571
3240577161
159018052
878664978
4272745237
3786182544
2813995161
3125777087
3125777087
2531065085
2531065085
2531065085
2531065085
2531065085
2531065085
2531065085
2531065085
2531065085
2531065085
1462958897
2920186774
2920186774
2920186774
2275623055
2416086129
2376055686
2376055686
4028639591
4028639591
4028639591
2900588336
1764480956
2766737721
2682738974
4258298590
1418878115
2384519476
2384519476
2384519476
940266330
1694908
3013885290
3099911971
658141458
1942691675
758139872
3486901541
3486901541
3486901541
2742697324
3741941827
3715701876
3762019695
2795975190
2210999545
2494807103
1592932263
1592932263
1592932263
1592932263
3216416002
4221134582
1370721648
1414148759
982782834
1324686530
737759257
3072058939
451866464
451866464
3189541980
3333322233
2053246289
1178560953
4127345386
3050067903
2047937579
2047937579
2047937579
2141956924
4269473138
3964285386
3132434183
1665766635
2030053045
3473539340
3224882546
3224882546
3224882546
1994310932
4275152363
945454096
439848478
1087452204
4130186940
1583766852
1583766852
144539449
144539449
144539449
304818401
1956674767
3767832338
2135154101
211309101
2712714349
1704424427
1704424427
1704424427
128343308
2463771681
648945161
3771290971
3336324183
347574344
3160849852
3196850275
3196850275
3196850275
3196850275
1188724401
1896523245
1131101854
2478280285
2434120312
2445301193
3540843218
3540843218
3540843218
3540843218
3614363877
3061992384
2615280605
3431822148
2146767319
76133370
239127758
1660261306
65698177
65698177
296128012
445019895
1551074727
566875865
58446181
1707789962
2537425059
2537425059
2537425059
2246228932
3036719779
2887942862
1752200161
1524606477
60717722
3875686675
271742859
271742859
271742859
2081128930
3941520435
4107817264
3456569859
2263990282
142515006
1103487344
1103487344
626177958
626177958
626177958
1911498641
832814787
2366445459
648136930
2748802946
3342964382
3926062889
1534786666
1534786666
606714107
2793414263
899402795
887850074
3592412322
4248110941
4248110941
4248110941
623665065
1111037557
1111037557
2249729335
3636139062
305063706
2620434578
1208138677
1526465209
484911415
3460311945
731893998
731893998
2821212288
3648461542
1209039767
1136283435
1615814115
2254417106
2582567355
2582567355
2582567355
3558211425
1368625277
1732613541
807320124
274374800
145335851
2290567497
2290567497
2949319799
3798613105
3798613105
3722482962
2383745073
3339817466
885868623
1545774194
774294673
3948448347
1249501593
2943713085
2943713085
3245756864
254202597
755890483
2480530762
3520798134
2539760579
1828239695
1828239695
1828239695
795407466
2683835549
67490745
3188628525
1712130560
2325008004
1855787142
670230007
670230007
670230007
670230007
2665305044
3291761509
3291761509
819055589
97525797
3874269679
2718419585
2593540532
3167601695
3167601695
3143399220
3549781849
1345397000
856635842
1722443266
295235666
1317274295
1317274295
1317274295
513574490
3989874229
261843277
1580414293
1537679209
2985773473
2445746902
2783925584
2783925584
2783925584
4055334795
1806332742
510402370
172151409
1966950535
3969094717
128964621
800324157
800324157
800324157
800324157
1346286326
3682258724
184379095
1031726684
254157963
2291593348
1849672756
1366769794
637498322
637498322
3016818975
1690873673
583320340
4249685282
534059841
2706563201
3007967005
3007967005
3007967005
3081703979
87663236
4214224702
4122349016
3081959601
1253760097
2693752407
2693752407
2316683842
2316683842
2316683842
1729513010
3077069779
1653634046
1653634046
528917093
544575907
3235368219
4122951534
2411378886
2411378886
3994303804
4098935730
1984230019
476164121
3310452384
1246332749
3315702162
3315702162
3315702162
924838738
2830221818
1484324851
4291804189
3608173292
2020224098
399186991
3934237351
3934237351
3934237351
1237732232
2520023847
2523454504
1007336173
1739690465
3543016939
4201124484
466554263
466554263
466554263
466554263
3339829695
4202161040
2530158764
3562180994
2012413955
432582577
3789524087
248046881
3073119322
3073119322
2484241717
2243096676
933713520
2125819201
931582954
1513251552
483846325
483846325
483846325
458471431
1708968816
3319508116
1550876834
3486871270
1987825052
17959069
3818884079
3818884079
3818884079
3818884079
2831696205
336320513
336320513
3693454930
573595434
1955039933
1955039933
2215388608
3266275025
3266275025
3719808196
2800696915
4259582612
446477515
3475938470
1505845574
2084044539
4128628529
4128628529
3099551806
2073912161
176402982
3079589047
4148671039
1096110531
746755718
746755718
1849419008
1849419008
1849419008
2959736156
4213721593
733517464
3883038580
536738008
4160741412
2705900996
3979445718
205276499
205276499
3676346946
2923254835
3392425734
1789441975
2143653737
918874757
1166003003
1166003003
1166003003
2357233655
583721688
1772176392
3665355532
2428717665
1911286002
3306848930
3397927860
3397927860
3397927860
4178013884
2754295276
217193133
928642139
3728274757
217603335
217603335
524837530
1832474892
1620932835
1620932835
2485754308
2920582432
3201004958
1293672376
1412808382
2312830931
2778901528
2778901528
2778901528
3755687588
3484452515
3706018945
2840694814
4264660107
3319440284
2947091227
2058590901
2058590901
2058590901
3468710319
524348326
2987485071
327505471
753715926
3547779919
3202402014
2052218354
2052218354
2052218354
2052218354
295552105
613592272
3607996244
2247944497
4202231490
1229929297
225861590
1395887877
2399450398
2399450398
3835448041
1575664253
1278157958
2960726464
4015373055
1519065428
340159456
340159456
792632932
69838271
266496641
2575171259
2614786619
2614786619
2614786619
2614786619
2614786619
2614786619
2614786619
2614786619
2614786619
2614786619
7686819
2234168294
2234168294
1260295414
3038379220
3038379220
3038379220
1140502628
2837518181
3834294129
1675509071
2303762120
2226573558
1428349260
3462743847
4204634445
4204634445
3738495355
2965270813
825374481
3441777488
2739582433
2249598493
2761727710
3308380387
3308380387
2907163241
1703596046
3881276913
3719655640
4126718563
4263627771
3229164896
931042144
1696349955
1696349955
12102798
1847861441
4990327
1164781402
2593823096
2593823096
2067477695
4094467950
3077552503
364464890
364464890
548603374
3635778067
2592167094
3568653863
2136941337
1528518123
601988238
4257339025
4257339025
584357865
2967820773
2277341613
809802518
3840606743
2893023693
2991244620
1757912478
2821606539
2821606539
880134391
4031970321
2442757714
2264536556
132413065
1311889144
3503428125
3503428125
3503428125
263707486
2787393639
2787393639
2837359424
3133747984
2414921097
296196911
1846634481
3962138
1876922430
1876922430
3061626537
196935250
4062015765
1435063138
2257690926
4179872453
3752344620
1570414002
171861832
171861832
2074674803
1728939806
1728939806
2162962367
3805810562
2185016006
1331505137
3314258938
2014767100
2014767100
2014767100
2220103571
751852635
3156992724
2988751240
267886163
3286743480
3539360071
1151198491
1151198491
35472449
3191572060
2057643849
3659921321
1752008864
3471157516
4017937815
770897833
1528813972
1528813972
1528813972
643744427
643744427
1219293653
294801017
2027685292
3026719677
1964808153
3938697558
4069536423
4069536423
1535575600
1755406649
2288303645
3788472371
2635983742
2698520264
159095634
707065373
707065373
1107432091
391681668
1442402900
3822746349
4261523961
1627853231
384627489
2340436494
3378560211
3378560211
800280392
3872458315
839590879
1990292289
305984868
3573471011
1324383542
514336256
514336256
491107520
491107520
1933441937
4194694424
6397188
5238540
2187602310
2380390724
3696965961
3994149199
2558256023
2558256023
4134413897
1247303097
1523151866
56125361
4052294465
2254705763
573075742
3666764153
3666764153
2775446701
571540974
2899178473
4148824323
1822544374
26887193
3705370800
1770051465
1105235818
1105235818
1703431571
2394747776
2394747776
1924549643
3015600521
3397657407
2188127891
1669497160
1290950246
3229071544
3229071544
3511661010
518279919
3930033541
4258852405
903641095
3201120494
2151543095
544314938
544314938
1241128424
2031417736
230913076
1593410439
1620359088
350456608
2458563302
3696343198
3518364974
3518364974
1944616250
2620713465
433250207
2224613503
1883336990
1883336990
3127549689
2075169633
2457984223
3067365248
3067365248
1906313134
4229116705
3665085348
519793429
2446388319
1741508869
3745583067
2819577061
2819577061
1224741266
2411435801
2256316440
523101617
375272348
2243029295
2351338603
1780566420
969641482
969641482
2331740862
837213691
1492128109
3686346576
2659879628
592175821
3214123863
3491053626
2463074063
2463074063
2463074063
2578593010
1045801722
306286762
12909958
1305644021
336955259
3735034590
3735034590
2224006105
2224006105
3002338395
689881120
3482748854
3981437055
1145957911
1087893746
584465621
2535467680
2535467680
643086684
1331358983
77923304
35754176
521232099
1290812997
1435984303
1565310326
2896415927
2896415927
2896415927
4280253059
3922565885
569720556
3504983008
685094173
3442181079
910706443
3902641572
3902641572
2480744468
1641740071
88771334
2680158866
337543878
2915722549
3318617538
1277190214
667211761
667211761
2504841960
1153029765
392998229
2174142298
3469633200
1352396500
2638939379
2154600987
2246731332
2246731332
2246731332
2603328564
3999780078
1454530784
3188263907
916985976
4001989803
2562962370
2795097175
2896364513
2896364513
1615396951
197771634
1921756279
2861748303
334799386
3991533689
3279378114
2718075946
2718075946
4085654681
609651791
3846463174
1049726858
2127119287
4152994574
3513919088
1483392602
75101589
75101589
2488740122
350357690
4271472199
2055640361
2723395288
2723395288
3093498727
2258661350
1439270132
3387488260
3387488260
1440942182
2761276552
1253569005
1979977479
2823622145
2893757612
2886079617
2487616711
2487616711
1681815843
521418883
496041701
3254349787
540104405
1854947300
558059014
1206375014
1013639421
1013639421
3047891423
4134563257
3809466119
2263842453
3405542196
1894410693
3266421754
2244561461
26898180
26898180
26898180
3511169685
2914145995
1340934194
667500780
3227449024
3673615852
816828261
3160390766
4038357597
4038357597
447464405
2299777481
1520820289
1467167601
578949187
2564100095
2000301317
1523837459
1523837459
957388164
244324799
1173771727
659952474
3589188212
2366693387
440435830
3282668782
1237276768
1237276768
3349221668
1160451682
1710165114
1710165114
3260804328
3260804328
2025817021
3072247433
3984144448
1894374858
1894374858
2507861396
2901056021
2796182077
3727452210
2553015084
3108688329
2850842921
1911743131
1911743131
1911743131
1911743131
1911743131
33586770
4125257126
3664728287
1695795191
1366695498
2587996867
2587996867
510519551
1847297398
1801840367
3060329649
1260448980
3162790859
473037621
473037621
973229688
3703358098
3703358098
2095999523
1915734098
1341410689
3013428283
995868065
2923768757
20532450
20532450
1021373343
1021373343
2121768801
598732517
94460711
2620830655
3594901124
1102868575
284372501
2938126398
2938126398
1239877974
2849522960
3975775707
1126963626
409859609
409859609
2091430729
3400063138
35407946
35407946
35407946
35407946
35407946
35407946
35407946
35407946
35407946
35407946
2151665951
2151665951
3335404693
2058927447
2058927447
998167367
3038064411
939546851
2374190473
445611551
4069895476
4069895476
2197816339
1490358034
2509202294
355730715
3740640918
1640049405
1587863902
2426470533
1586219030
1586219030
4201145362
2918173589
2828302567
2775296808
3272602779
186926249
3491502820
1393703333
3731664000
3731664000
3731664000
829877217
3824475378
2155850804
710866365
903416650
3606115366
1768255678
337926899
3039040826
3039040826
3949422125
547078076
1040376341
1070050723
1799921946
1095007075
2876450161
4184825076
4184825076
2919426722
2654754050
2895877444
2798190296
3290498766
2263826206
4050697730
224605396
21785941
21785941
2501323611
1792343018
3415684418
3264292341
665932486
1584390779
1584390779
2619825977
3711007865
3854150757
3854150757
913378202
3974228688
2987972618
2032094411
455436338
2951073345
4279954899
4136053066
4136053066
3788060763
1735572744
4037617311
4261417429
2779149254
2582324596
546026093
1499426395
581562102
581562102
1664923944
1274029826
2041799507
1818170609
365434247
365434247
2630762276
3758337155
3185748390
3185748390
3185748390
1589472278
546893517
3096644307
3469733715
1785696288
704721066
1095507903
3633116908
320052052
320052052
3676791978
2384237653
3889040736
1483794596
3613015301
1591443415
1501493243
437667085
437667085
469206899
2681455569
3891927026
2301079265
1880242584
581814985
2403787800
2074701790
741655332
741655332
918431569
612516439
2326735789
1514953403
2985243366
2977482305
2977482305
1382848564
261511871
3227385019
3227385019
3379675866
1282790575
264188064
1507015774
3256861954
1381136057
3854735172
970556448
970556448
1527738769
318863015
1628158068
930740863
3247074682
1081978598
2087206824
1957980625
1074046234
1074046234
3162009500
4127888445
1658299700
538612030
96264130
3602108245
664692048
664692048
664692048
907663977
907663977
907663977
4113254554
643031640
455594169
3839010466
773749683
1413342104
630585412
630585412
630585412
2323219652
1666642252
1609400834
3851510707
1188632931
4034622522
2960406185
2646518949
3880646109
3880646109
2678145116
336922150
2018708954
1482642504
1482642504
3955847611
3889082496
2891269272
2891269272
1211622471
3800732377
2410278203
296204789
3547514429
3816857506
804667345
804667345
1358753685
522000528
522000528
2262936181
1469938020
3969006638
728246939
24117361
3364313549
403899926
1225738576
1225738576
1225738576
2327948410
3915075724
806029646
2545264535
2586606425
2609657052
1104242492
3608922961
3608922961
714177598
2107272962
3435506013
35944383
4138364916
2215193296
1242473136
1246368401
3489647861
3489647861
3489647861
2818504347
2818504347
3022822140
1113692013
958144414
3805756042
2069814498
3036068530
3744278355
3744278355
2990412363
3037008783
3828538032
3463084404
2129336775
2868725307
4148824089
452376031
452376031
2969010836
1765781990
585262493
548196970
229304930
3628195885
3082903834
938870577
2085248179
2085248179
3368729371
3859792258
1757154012
1089108062
2989377549
2989377549
3549517640
3549517640
2174329387
4200681971
4200681971
2687267537
3579932877
3646881255
2259030843
2729154897
310827235
3087399248
3301722958
3301722958
3301722958
1805998487
2026578081
4216238255
4060486443
4060486443
2987779915
1714821054
1232084124
1232084124
1910788881
186837914
3044053454
3143038504
3109714674
1144106281
2195700139
2973519978
1479070444
1479070444
1479070444
2804414468
1479642470
1234358972
318311452
3761657182
1001977406
2883199541
1511107878
2141336594
2141336594
3922592203
2995772436
126546568
596070365
3661422844
2347406574
2160817218
181090377
181090377
121016293
1901611750
1052901714
2164576942
2104357442
140578471
966801356
1578118240
1412869169
1412869169
1062616521
1351634150
681256599
1394038982
1856374433
2558396562
3933099626
1855935346
1855935346
4094796153
4094796153
4269370588
1355046229
124994177
2816453232
800641260
3305261114
2931436289
735017173
1394898012
1394898012
3303427003
4089920805
3022677917
3727224549
1373148203
928847427
3279669756
3279669756
3279669756
163156183
163156183
872854006
2438254425
1125516974
2108099782
2793723846
2381367753
2832467608
3129934006
3129934006
1959959642
1419909886
965039533
4091469951
4018437734
408793213
930306085
2846148572
2846148572
195032846
3938397047
4090741767
4182116952
4182116952
1455351930
3445527801
1728589799
2854893950
2854893950
4185218902
4177107326
2908143245
2908143245
1285692537
1259249626
3734519396
3952940183
718059625
3500918191
3500918191
2799032075
1912451123
3605749945
570078109
1804590207
1604970598
2918592987
967007716
967007716
3943665780
2617672514
226324954
958434501
511420817
2607444853
4104481795
1103279176
1759973098
1759973098
428634479
3640737259
486855212
1969277477
2549152029
2755451289
3436007591
3768884424
3768884424
1321080752
1321080752
790246552
3721134429
3686065322
1457774175
215687855
2239554560
1939092697
636347117
3630541100
3630541100
3644195454
1198191569
3808805887
2836317729
2359217676
189886625
207737043
638109111
638109111
1708266233
3037687767
810528646
3641640945
3149966694
2645825210
2947349909
2500176473
1368375216
1368375216
1368375216
3203571882
4251390830
474892854
474892854
4028953058
2101446491
2861595971
3425078678
1698393627
1698393627
3629496107
2265128968
358325747
1007475125
3830840144
2944507061
3549734755
3319177770
3319177770
3302536532
2438079680
2438079680
2438079680
2438079680
2438079680
2438079680
2438079680
2438079680
2438079680
2438079680
2860420020
1586846451
1586846451
2289297329
2223556506
3350917626
3419090230
89440650
2045384225
2045384225
3764548879
3341838550
3363473311
2139493140
760051302
1106050310
949135665
2442615626
2442615626
4100922198
551855635
255681744
2005455496
1896931424
3848948706
3852840481
3224999863
3563456227
3563456227
2150349058
3525974549
3648238223
2757122754
1834708041
586544612
2950605088
2950605088
461219439
896850593
896850593
2290756126
466199743
3229111933
2798681859
3635864312
289080554
177633256
2152800194
2152800194
2152800194
1310851540
1807224305
1289632709
2988817918
2846346429
3839488360
684063016
1327221992
1327221992
1733737887
506017762
265630067
1562566971
3625091009
4030959017
3574356420
3991231999
3991231999
3991231999
583390157
583390157
3762938919
1564442528
2541091478
275408022
1888624448
1952676784
3990006537
3417912564
3417912564
2143978676
2588772828
2651236599
3802920955
2539630592
1945186150
1323579899
1323579899
538775777
538775777
1440445939
1933050534
2135441997
2135441997
1905706149
1310112259
3861920597
3861920597
3861920597
3015490314
3015490314
2632881142
264307526
939147320
566890676
1477498022
1477498022
211010405
211010405
211010405
3389509477
2797859818
2797859818
2797859818
2229141551
2380328143
2183709444
1911917799
1911917799
1911917799
905128803
2313374875
22996565
3978697394
3442926572
3442926572
3442926572
4040269057
4289814702
4289814702
1469248869
3562403422
3562403422
325156084
1066549232
1797540025
837824053
3295682553
3295682553
3295682553
2933292153
3831517122
4161766160
2588035984
173333518
173333518
4234891684
1473361804
1473361804
2915145237
3945110421
3945110421
3945110421
286228791
3993696303
1120190163
455775692
455775692
455775692
3967346683
3967346683
3141293313
1154243577
1072833412
1072833412
1072833412
122066899
1188650555
1188650555
150899075
150899075
150899075
332189015
2253072865
4079467165
2491221588
1975719636
1975719636
2864452759
2864452759
1915421925
1303307750
3664052782
3664052782
3664052782
1320945959
2786420992
3766928110
3468664441
3468664441
3468664441
2795680379
1677793056
2357367169
3454586873
228979223
228979223
228979223
228979223
4166702393
4166702393
2916298603
2820034250
2820034250
3100386067
2542338533
4087202129
2317846668
2317846668
2317846668
2317846668
1739018212
1941874897
2015276220
2015276220
872122522
872122522
2339862455
2339862455
2339862455
1726593718
1941628770
1941628770
1941628770
2186811239
853442137
981418788
3587976433
3587976433
3587976433
2987070647
2823651767
2409040953
3652803113
843784435
843784435
376659280
937985502
937985502
3507881390
2829098440
2829098440
2829098440
1284401136
4185037542
119499567
2139152216
2675007535
2675007535
3418889306
3418889306
2763845681
2238275025
4077210055
3641170702
717396124
582753003
2074659221
2074659221
3078213818
1435767732
1797551986
3762881567
1588331375
1588331375
1149652714
1799494765
3109031112
3109031112
909824866
909824866
645448293
4058627149
703097207
1016473672
1602073179
1612153591
367029190
367029190
1818976503
3759269509
3546921163
3546921163
953896758
1309343252
4184903508
209801251
3742001960
1274791371
1274791371
2192637134
1431571085
153675289
3054204285
1561218160
2021010108
3816541184
662333789
662333789
3147306908
317753073
1846944357
3193502947
2414678868
3653081808
3383269821
1491037922
1496056983
1496056983
2560460233
290570609
1374745033
3368545340
902244676
64545047
1338089662
2218696968
2218696968
3503629267
3503629267
1147716969
506669421
2643642178
3897557205
945774616
3314699028
3827503330
1837642997
2021748342
2021748342
198534143
3724349052
746959060
992231917
572907214
1228211693
2833732540
3510849424
3510849424
3192518155
1364285019
3273329041
1269842334
3821777105
280640473
1223839848
1133998005
3757432542
3757432542
3757432542
1889147052
1331725920
1331725920
3074865099
3175160281
82114386
4150507862
2586265164
2721050531
2721050531
516628382
1420408694
2207254316
2657524118
3201091558
1400886320
219561417
1309328913
1309328913
3950626917
3771081401
1504393032
1167479486
2560117919
4012709464
1638861051
3458033217
1156330154
1156330154
1327141831
3594832114
3568385834
1159375769
1164348501
1769970077
532889632
3643771510
3643771510
1266833184
1266833184
3611220530
2065278855
1973514217
2192165360
1496057306
654542655
834746715
3465896969
2866775480
2866775480
2866775480
3141688110
1215014780
2954823196
3293706070
3441142212
1971078148
771190489
771190489
3609755861
2392579720
1381323562
287759306
2341349497
3235900838
3920773847
938259876
2581829849
2581829849
2581829849
371938416
2253980560
2253980560
1903601619
1836977415
505074419
517615797
4001426844
188592788
188592788
1363798856
1450054957
571303353
447858566
1169118798
1341747185
2683201073
979292742
979292742
138615059
180293419
810790479
3723169032
2984018531
917911711
2627999206
2627999206
2627999206
2627999206
2627999206
2075301941
2075301941
1371547987
4089724150
3629088314
3149294946
2312367845
2348025981
2348025981
3859843109
2480959232
1402973263
643083723
1205092399
820785147
1158981198
1824401131
1824401131
1824401131
1584541443
1584541443
1701374280
2013648234
1278776852
2839580974
2515501405
4236174125
71289215
71289215
2797584088
3303875226
1805177985
1952765117
1347456234
3889020452
1903798664
1544360146
1016666643
1016666643
2630436663
244806521
3266129652
4019818107
1034091560
1034091560
1034091560
1034091560
1034091560
1034091560
1034091560
1034091560
1034091560
1034091560
3983591685
3983591685
4033325790
1236196363
4189416003
3743004469
3743004469
2690997746
1835627989
472353430
2987062158
4040628791
1331383983
3972467866
3371128175
3371128175
1060524188
203815287
230714527
3106271887
3841029838
1614451148
2705047593
4090118081
2708023130
2708023130
2840021496
1749328683
1958248569
1180566604
2447672170
1185370886
143673897
143673897
1269817632
3569511360
3569511360
1982425080
1024689339
477996162
279963155
2420007063
3891909463
823279085
69897295
69897295
69897295
4101548720
2591472263
215002182
2547173292
1735209086
2761523321
2764286786
3451156429
3451156429
74962130
1388368735
3555647606
3964325310
166186597
172246071
3912671474
1281226706
1978441182
1978441182
1978441182
3689498796
3689498796
2518888557
3418503662
1485384511
1605041476
1619745759
2219144273
910955169
910955169
597202000
1281556004
3629580968
3622283124
1014281660
231110986
4020307139
1883244530
1883244530
2253321841
1961059346
197148083
2532527588
531791222
1432732902
2387884337
1976621385
1094055681
1094055681
454819229
454819229
3499788793
523012191
3484424806
3735662823
3735662823
2490549184
4120842201
2102450428
2102450428
3571045740
1854158663
4016313679
1763935753
619280793
3048282824
580065062
3580885681
3580885681
2634450526
2364900044
4086311025
337426151
3418428992
1591817038
3622701028
2677669068
3016350845
3016350845
2103849249
680121652
2331941947
1761338106
2244844327
898858937
196112548
3907008884
3927274438
3927274438
3927274438
2594998170
2001976914
3995417450
3527193812
1043875344
2853817877
1257558327
3446376332
3304815198
3304815198
2079122625
3463265647
1428083097
3389319875
4115752123
986212174
1423505824
25967214
25967214
4021514882
879121886
3877945712
2056738646
3418508688
2647021485
1900109737
503470268
4146667065
4146667065
3021814792
4177794665
3727715308
723308754
1552304869
3635926673
1066201610
1066201610
550043418
550043418
1644455377
1644455377
72328173
3260474707
4090038405
3179140547
1825801034
3788489068
1256525932
1256525932
2383307308
1270690565
447921237
2805567059
3886515370
2849057194
2222459943
3812765276
3812765276
1165415573
1165415573
1991274624
1991274624
2650580029
3318079897
2472609340
3430131704
2838213644
1593538437
1593538437
3528911022
2229121997
2091253282
2647220778
3329540582
242765521
3326904388
226154024
3998964152
3998964152
3998964152
3815559589
3713062405
3114688770
2313854488
1595569825
155366766
552385367
3738314518
1519623209
1519623209
2434749408
2721874780
843351060
3741884814
3574385165
1395576936
1009280090
1613248751
1613248751
3568521653
1517729341
1155158076
1934761862
2756379090
459397699
2242961519
893638717
2645384853
2645384853
861447846
3411608150
2045446620
3855142218
2133651934
1347014614
1062021051
1062021051
684020718
2761240124
2761240124
3297925814
1139807450
2217759095
2506909012
2453636009
2508709459
483700833
623966425
623966425
2306407509
3583018021
2615043880
1159670713
1946846017
931823203
3145295177
2617087908
523434557
523434557
3599591470
3947573127
3776581921
1617170492
2208513557
1186634524
620559092
4151662704
4151662704
3131292717
3131292717
510977553
1082258410
3295941912
73178215
1386915297
1976207975
951993246
1153759565
1153759565
877270097
2344957243
2344957243
1155980440
3672960298
3130382179
1239884832
3971518135
1915198275
1915198275
1798696069
3588625386
43251115
1911583257
69182577
3250507576
3468307691
3341399073
58441965
58441965
58441965
786365132
3464222767
55014284
3549148599
64552993
3195890089
814494761
3884699503
3485308585
3485308585
3071115890
231310840
4066343242
2389775400
672054086
2698173275
783846312
2619103091
2619103091
122729897
344079458
1914780362
3185997447
4140612578
2767282460
3851398372
4080127079
3830381487
3830381487
2853583877
3570441887
1530895395
1706602127
501810401
2517558103
2517558103
2502266658
1687861437
1745675483
1745675483
859653867
897445364
3541640158
3705781758
3924015218
3219185336
2870002125
1899735800
1899735800
3764470283
2975588569
1402928632
3513483218
2573595761
1877416562
2159863409
1564341124
4247539902
4247539902
2248517183
2737661234
2585257554
3758035015
2974840777
3316481769
548153634
13109223
2470112957
2470112957
2470112957
3788424332
2259584322
3711287719
1603059276
4233900835
1549275135
1491541805
2266284464
2266284464
2266284464
2266284464
2333432349
638687607
3649359913
1313130831
1513623629
1029829403
3417345075
3417345075
3417345075
3406787403
3220311372
3776882259
3482590714
1309487262
1530678201
3649463427
256392768
1207830020
1207830020
2075737158
984195289
2273397353
116400082
519152698
2155668162
2202136074
1982678796
1982678796
1719561545
1332767522
2861579551
1431644773
3366071235
2369773528
3283691939
1422075949
386124418
386124418
2285107503
2113030472
2114870881
385002195
3107569403
496912297
1802354298
1802354298
1832069065
1817440008
1817440008
4255496131
3462128001
3186364163
2461185685
3603440322
4229383594
961635141
3137923323
3137923323
3010647683
997457349
991444710
1916562444
3800322178
3172797472
4281407177
1406098773
3759417614
3759417614
1330333756
4231300811
2997708519
179604513
4044184480
2135755579
2307307483
490337981
617006471
617006471
617006471
2224557873
2282954051
3677513992
1388208581
1963273795
126319622
2803561278
725693827
703788114
703788114
2024249208
3985415748
3859028281
989285825
3345305697
28924384
599588526
599588526
599588526
599588526
599588526
599588526
599588526
599588526
599588526
599588526
3262933148
3262933148
680495408
923253713
923253713
1382536994
882413307
3442542850
3990354804
3082791329
1537046947
2448118187
2448118187
3112596698
1505168672
875414395
2311679696
2311505243
1418460029
1405805009
1444352377
206627295
206627295
206627295
2360901521
1977976369
3253120010
1712993018
3913117040
2693963624
3328047433
2676424227
3204188667
3204188667
1255523139
2774244253
384313883
279633282
1603921040
139963301
139963301
1291591990
1291591990
1291591990
2601671096
2457038250
807465998
3377140073
1655245307
1655245307
1494651755
3524165813
3524165813
4069027875
3028287872
2372903494
2397411934
464056651
1232383715
2440108654
4228479639
687468138
687468138
146996181
2430492717
3528011332
1203536752
2178387596
2151797622
4213256389
3449094563
1438407682
1438407682
1438407682
1083347322
2597245053
2597245053
1508495574
1508495574
4023095858
2550350923
1458830932
1731103459
1731103459
3460915070
2855655936
2855655936
2855655936
2189680782
3023601885
3023601885
1737493783
1737493783
1737493783
1737493783
637163865
1651922235
1651922235
1651922235
1651922235
408689046
4292568524
4292568524
1801790671
1801790671
1801790671
1801790671
3861904946
77170375
77170375
77170375
793556737
793556737
793556737
2031716073
2450569369
2450569369
2450569369
3087631921
981609638
981609638
1286229152
1286229152
1286229152
1286229152
414372164
1943055368
1943055368
3154472678
3533496840
3533496840
3533496840
1880156469
2760133635
2760133635
1754825671
2673744900
2673744900
2673744900
2224506218
3713636180
3713636180
3713636180
2180397230
2180397230
2180397230
2829782018
803565507
803565507
2953237274
2626416681
2626416681
2626416681
2230071857
2230071857
2230071857
3642935275
316536133
316536133
316536133
2767028572
967573799
967573799
967573799
1729683445
1729683445
1729683445
1739584281
1729909113
1729909113
1729909113
2772069478
2772069478
2772069478
37942734
37942734
2918735846
1649039527
1649039527
1649039527
3018627615
2176813927
2176813927
2176813927
2550610450
1499541570
1499541570
1499541570
3450497188
1748963812
2915009734
1836893166
1836893166
1836893166
3180584018
2272795750
3358393009
342823346
342823346
752821137
670857478
3487867420
3487867420
2506223523
2953061066
2943271482
111644680
1540962910
407270627
963023213
4036687057
2456758723
2456758723
2456758723
1126863886
1198511341
100909160
867766542
1772285928
1710356258
631642150
1770401503
3064357023
3064357023
4074668148
1991638783
1620003704
2012272561
1477671554
2318312512
54047525
66231278
66231278
4233284027
3426404872
904046159
914188985
1229661813
1201512883
3819054893
4276722237
4213674901
4213674901
3122423131
1390422774
2232348429
1795882544
525699890
525699890
3115475094
3115475094
1333639551
704915999
704915999
2241559761
3299750794
4099860309
2001356996
1910956332
1049806693
4290201447
1080467511
1080467511
1080467511
3160849841
3965406428
3565577852
1544668662
690256921
337631894
3692435639
3285657111
3285657111
3285657111
970030753
1558801120
2175377699
2025742147
1842577675
3156483003
3068973413
3613626726
3418484252
3418484252
2498249210
3783557399
2235558413
544947764
1527043809
2234457065
2300372711
55612875
55612875
143665928
1922464180
1188780473
2913759076
2913759076
1492984789
9578214
9578214
2626673691
2282145800
2282145800
1459284702
820117447
1685597762
3274978607
1517226459
4179083643
1366374340
1882191944
1882191944
1882191944
756816889
1088503307
3512232076
3131802529
3409764884
289335040
2003834543
1588440627
1588440627
3934934897
3779278850
202797632
4014266390
1077353775
3553179330
2814883655
4010664764
1305067377
1305067377
3707135974
3707135974
1929551556
1929551556
599538108
1321546025
15579203
4194457686
3128774966
339241362
339241362
1616864358
2295104915
3317928930
648308702
224038224
3799437366
2772699376
3409179430
3409179430
148155473
20079440
2425391581
123533491
3756717614
3930360785
209194725
974910778
1129075135
1129075135
1289790073
348451468
348451468
176270316
1829243774
1829243774
2774960334
2972721963
2822778375
542406276
542406276
1237672965
2456667677
2517956702
1398123113
396361622
1767186453
2240570848
1840645346
1840645346
3979659487
3420924652
319521050
667908769
3529352359
575617386
3359685729
3941978642
907692500
907692500
3278149410
788451661
3523246600
673965397
673965397
3338276827
1746771369
974352937
672854155
672854155
672854155
4292417285
508100902
2220894085
1316449580
24948277
4112951740
1258594995
1232097771
642800961
642800961
1824533259
2970455080
1697319824
3755740136
540138114
3081454143
2917489010
3401372923
3401372923
1854573715
2113054565
3017806929
2525460136
1166952335
2862059853
2507048657
981919961
353702017
353702017
1304664625
3021162149
3840560063
3660451092
1003537534
1003537534
547111231
444804350
3983468129
1557742232
1557742232
2137076975
2055280378
1678528286
1000786028
1000786028
1000786028
1000786028
3463586562
3463586562
3463586562
2281446575
267673954
776440585
2334228803
1771053518
390560977
4224523254
3575813516
3575813516
410515864
251920766
2449825982
774838143
1412503047
3847857154
1337388302
3550439472
3550439472
2926537160
2926537160
1933321495
3808277398
3067362247
2706553903
3257179442
943166371
866898467
3631438970
3631438970
1171912924
3680903897
4090032481
4058257120
2224997393
948739579
2674427749
3128100698
3335130978
3335130978
2535329337
1826059678
1826059678
1826059678
1826059678
1826059678
1826059678
1826059678
1826059678
1826059678
1826059678
2041463580
3928045396
3928045396
3940654629
3019827131
3443341641
237329731
173291666
2057152509
2057152509
1718247232
2252830019
865350340
1681951617
1572109822
373014745
1328528759
3674917176
3674917176
1419525917
3400887743
1870957222
2604658784
2087316984
1294425142
2857497238
3079095847
3081676521
3081676521
4278304234
2561720439
649318029
843664315
1941488459
94721764
1221878757
2773044210
3694048806
3694048806
3694048806
3219573893
1396275791
4293146221
2559530427
1442069085
3945919052
2656117170
3330702519
559940848
559940848
376474786
3020930307
2859333039
4127058769
1099510879
464926637
439994579
2819210082
2819210082
3611269866
3420998405
3190904832
3356491202
1074699652
1803554256
427528016
3613621327
2534016010
2534016010
3324707445
1177500853
3522751176
1298323524
1298323524
2973846575
672700926
1389102768
1383283955
3343261223
3343261223
2632963012
441901310
340900497
4215843784
2083872062
1962800156
2907923301
3263444192
3263444192
392081698
3352008507
232150308
2892105885
2029486563
1696261182
2277050222
2009486888
2009486888
109130420
109130420
932783324
4037017777
2522367135
1724651414
3746576223
3746576223
1686365022
1073228966
503989534
503989534
1144633923
2160543825
2334451436
2921698319
4108592349
1000495585
612691388
3971592594
3971592594
4089948578
111855817
2384080366
1200035213
635542916
2425604122
2022227557
3538726154
3837615233
3837615233
1121145103
794497650
419157871
4202240438
3387483898
922584811
803287689
1506730749
3725790203
3725790203
3725790203
4133952640
2871069955
2105846427
3781139160
2101720079
3768906217
1144101232
2252176039
451599130
451599130
3939663744
1724723969
4289652230
656299941
415878908
971089932
404136577
866367495
866367495
1113703978
3029762304
916803174
1003498724
1713990842
3610043733
2615479749
1675638457
531198728
531198728
531198728
4063269425
1943698064
2469217732
3317959529
2025464694
643206466
2263247275
2698174231
2698174231
3347789751
3303289550
2540447687
2359680109
3968732727
3332415157
844725880
3848407292
2872567170
2872567170
2872567170
2961842166
1632850812
1632850812
4146920421
2143785506
2333575409
3505452952
3505452952
2001879225
2001879225
899980861
1055205297
135708073
2479249811
306556809
2393041110
297614798
1077286857
1077286857
3388020148
3949524443
2583217358
3435716300
568641518
4195534201
750523218
2801613478
275860306
275860306
275860306
2133706888
1031056757
3923075670
2694456257
2958434533
2288937450
864584572
2911400182
3434683309
3434683309
4063039443
1257099241
200309863
424462600
3842585963
3647745428
1640914989
3191331024
3191331024
2367260794
383346485
2471050259
1157671866
583455610
671211371
2885457741
1230745618
3620507210
3620507210
4195047992
4218678297
1882044232
2170708696
649939895
2520409733
2574634184
976968689
976968689
645269882
645269882
3022006619
2442451097
1295517444
2362475814
73398681
32711243
598293437
1953816627
2778783067
2778783067
1500363199
3770604634
2217562353
643632618
3666251649
3894680042
3579323918
1009444660
1009444660
250920293
3368462289
2737723831
2562305587
1475734960
2576777629
363185056
603339042
1502706160
1502706160
1502706160
4219704040
617824017
3733527489
418148615
177880058
3239812160
1607608501
3502468213
3963270129
3963270129
3722768049
1393714146
4117409580
1445772275
3841193149
3904341211
2481033515
3571309656
3571309656
3904745263
1128560773
40039438
1806357411
1761163762
3374715892
3040681944
3018769169
453707581
453707581
2678884304
2136900834
3701195311
1177699290
242227296
3296036682
1929688411
2196166249
2196166249
1084230025
1084230025
2802727038
1297607359
5445983
3879404922
1262376896
1142522102
4278434856
1785910941
268445026
268445026
99163959
4172674112
1219093670
1313229785
2796163688
2933616297
2086404565
4208209758
4208209758
1693445590
570845949
1072010349
2891704360
632445415
2604947972
1424890252
4007211765
3663299603
3663299603
1654292552
3005075264
3500146303
2386539878
2386539878
132011919
3373279849
2044846708
986396738
874126440
874126440
4288660075
3613712954
1502411197
1970405226
576301100
2311917692
1071074675
3182161004
3182161004
1076191304
393695019
2399673800
2906206955
1331259903
3956025532
2832272134
3690532371
3690532371
1059715853
1059715853
3945026239
2551748744
2780182937
2013501092
4106878450
2905203331
2905203331
3372085464
3372085464
3372085464
337455881
2711526134
2741093241
3949164925
4004064120
4010268098
1069330982
1183213285
1183213285
3312975236
2520849463
2418167446
3737759888
2101745333
2101745333
1435594
2155764901
1822345627
2842803183
2842803183
3402775735
2744878042
1319970373
1564758674
2933139937
4077650388
1308549311
1531787413
1531787413
565100810
1799523939
2090490987
2087679593
4009271828
1575467209
4191923331
564343661
1408225124
1408225124
3447335443
3546586815
2642728658
3952204906
3153641170
773707402
1309767946
3314090195
1862282849
1862282849
1862282849
3716173200
3852917114
2708991739
1511970280
97568505
1869732454
4154097587
227757854
3458861965
3458861965
3390700000
4256003972
4247122773
785641071
3402805325
1540389365
2392702518
529460024
529460024
1912993739
2171430096
3887983627
635130018
312061145
4145092126
2279007486
1267565326
60045974
60045974
3040393325
1147205709
4114391746
3856447549
1865873945
1113442407
1113442407
2739190642
3877118360
2603952227
2603952227
29357294
1283966248
35393545
2232072178
2232072178
2232072178
2232072178
2232072178
2232072178
2232072178
2232072178
2232072178
2232072178
3841805861
3841805861
2084987398
1789730889
3393991763
3393991763
465807458
1405283492
2153095263
1272460184
924261247
1613404318
3146262092
1130198957
283653394
283653394
283653394
342478803
3684476680
2139960042
2073299434
1606559868
4016882058
403766654
2261316872
1620332019
1620332019
2826092495
1610374091
4101289128
3165092970
3557134137
975055981
2149443604
1784771859
1784771859
4165133664
892256888
3645977746
2048910594
1941957261
1881428689
2243074694
2489647063
721487330
721487330
1009018330
3237758155
2687908226
3420406830
3420406830
4029350667
506828549
4211517059
21726817
2659573228
2659573228
3774686532
2508046604
2190209364
1865141029
2370323534
4136045422
1268146096
3272308976
3272308976
3272308976
3912400569
743775147
2719571517
780588492
1400648854
4160030768
791096298
1944814495
1944814495
1944814495
4254177250
4254177250
1057008788
3672183498
902306864
685996254
2678647393
1987475626
671088363
671088363
4156375635
3498894550
857968644
1315488119
1209567675
1931511188
183612223
2557999822
2557999822
2263734499
2263734499
2263734499
3323065825
2732138065
2363888927
3491010950
1757957924
2022210501
2022210501
2022210501
2617684725
1181480514
3054222255
1817436745
3353100660
3863404907
4086088364
3790949238
2684928691
2684928691
3708642823
1471004003
1193631576
1811634717
2909410259
1751752033
1141156160
1590231760
1590231760
1452218843
1946421098
2446949817
1573913294
615906580
3669083173
1935452977
390632883
1342424231
1342424231
3818316247
811106247
1517264706
2944542640
854117309
2709803794
2709803794
4227617469
2844020659
737503852
737503852
2748912334
623991977
2601672655
2753380111
3069570846
2340916412
2419614835
2820746601
2820746601
3335492196
3130541248
3694750884
3251856511
1342617301
105463946
2838157001
2231098373
4058292825
4058292825
2069714847
3762629483
375362837
4193423901
3760707815
3956995939
3788454186
2383279530
212932051
212932051
212932051
3365362286
2097906603
4278130819
4011157241
58652510
1685805185
2268076836
1501953
2654487617
2654487617
4091196781
1956809339
4092474985
2621112726
3617691334
3229005900
1192584658
386104216
386104216
1473569819
1473569819
1921745008
838919006
1338286275
575403340
2475818402
4013594364
4109085200
4109085200
4109085200
3473154144
773401266
773401266
692227772
195391386
246309428
2332920735
2924415826
4122824007
4122824007
2394134699
3819913347
395007468
1829160569
831353312
2774889295
373113825
730870944
730870944
1303271848
527650664
2002185073
4201211518
620502993
519622109
4249862787
3649856132
113932871
113932871
4025251637
948360739
1145512057
635352577
2137076021
3076410182
925779798
925779798
4036359797
171830142
171830142
2301649536
2964781725
2166895586
337051560
2075706134
1161346354
2137465457
3894157687
3894157687
2973353055
1613912223
2433834083
155808856
586251698
3799620368
2615125155
2971074715
2709498717
2709498717
300656154
1946680408
604245594
399068749
3212376135
2531699664
689547175
3803358453
312374183
312374183
312374183
557275940
511802394
1602801627
1121285081
3103839117
766579326
3972081234
3497376761
3497376761
3497376761
4125947027
2289869848
2737558976
2974574608
2546584166
1127170191
173529885
3214442727
2233182067
2233182067
2233182067
1288908296
4195840325
2056611521
1432355971
2878513535
2878513535
975696050
356345610
356345610
3086015086
1626574037
739504527
3541318354
131879956
4055490460
260085902
971704663
971704663
967792067
2775529319
1930515453
578078768
974054015
1535060752
1756857926
1849721461
1849721461
1849721461
1755082772
921603984
128382690
2936625000
553608800
3337150214
2817044434
498427569
498427569
498427569
498427569
780009171
1446974217
1446974217
769466187
1434270605
1377967760
2792683637
2348568433
139390865
139390865
95804911
430844711
1351549826
27171944
3686552388
3691927237
545404054
545404054
545404054
2276700889
3667172436
992691618
982394273
1623983187
4240469381
2885766597
3500573724
3500573724
3500573724
4025713247
3142552804
84224928
913927372
2200457023
692569363
3543944136
3543944136
3517884789
3517884789
3517884789
296235361
449474733
3639190926
3600426343
2278153796
1976578589
1395452992
80314011
80314011
2133716129
3786183789
2525170405
84395187
4258166095
1869240173
611189991
2792604763
2792604763
2792604763
1674727546
1674727546
3218134592
742424989
161264655
2788147627
992176065
1806879039
1806879039
1806879039
1806879039
1883646328
4026845846
2543864250
1428513004
3790474184
3097102972
1948825083
1948825083
1948825083
2207555947
17774106
3092400321
3064157928
3897390927
3822392524
345866211
3966155057
3966155057
1686318694
865729911
244056555
1472053015
2332039914
3232588254
1663793128
1285076792
220607577
220607577
220607577
2983174631
2983174631
114616406
3551913300
3338173377
479127190
1095736570
3775032716
1943476065
1943476065
1943476065
1943476065
1943476065
1409059438
2875944192
2282140460
3814307642
1297661760
1297661760
3883613892
1656661947
3689311231
1688810096
137379108
4125569164
2950370759
997812074
1217161246
1217161246
1217161246
1008200796
3005305450
2545279389
1531879964
4250619164
4276960066
790647757
2875431996
2875431996
1222991789
1222991789
1222991789
1125950129
304412462
304412462
3908387298
3556656309
2028911638
976141284
976141284
3010930542
182211067
2139434838
1152814782
75193956
498697154
4132907117
376728336
376728336
376728336
376728336
376728336
376728336
376728336
376728336
376728336
1568067163
1568067163
2492936964
2492936964
560138651
3317276167
3339792603
3616861385
729649182
1987864493
1555639875
3695811643
3695811643
2195823607
585791188
3467113052
2389534413
1467703851
758585299
163059254
57080774
600706524
600706524
600706524
3462662329
3010576694
811850086
3639767096
3665034537
1619566765
3686779903
1055628858
1055628858
176447548
3678283230
1915504022
2963848409
1944962671
283477384
1276991442
320682495
3745209300
3745209300
1786206945
4172414436
1782893549
268997955
2090244560
3716917685
2656290183
2426627903
586214981
586214981
586214981
531566207
3078545573
3750973204
2370388975
1236934002
33909479
3512473335
3186593255
2487023662
2487023662
103390973
3334182731
1870304069
3170004731
593201913
2261214991
1690184494
4174986920
4174986920
2269617938
2916923961
263764067
2988220211
2807371943
1963397845
1959439696
3096200051
4193821668
4193821668
3701895770
1369021385
4218812548
3182969155
1916739599
4018330613
4018330613
4255579433
615924917
4003239732
4003239732
3078310090
1685633657
509347589
3413249282
1318317291
1318317291
3978636019
1793437185
1793437185
3002890493
757654985
368720767
2980173910
3542724099
412547938
435551399
3982046245
2560459467
2560459467
3090815613
2109721463
897830102
121622691
3200122707
3532774165
459868550
199141065
199141065
3518277717
3518277717
1771123911
132851747
1693675151
1617107165
1878221987
2958253708
327602358
2964857970
83277468
83277468
396840247
3652824656
1810289668
281509734
151537114
473743405
828177664
269114492
269114492
293475137
565406116
428956003
538933208
1257662994
3098421249
3821752974
3312258172
4229816650
4229816650
1250058372
867979493
2946386548
1279777801
1279777801
2149109316
2065679478
1091800124
3998785867
1414317674
1414317674
204776488
3738411375
334707593
2448484993
211090946
3383947951
2962224565
105190346
105190346
2122117510
2122117510
2122117510
2583462802
283852829
314601153
144442614
4270514117
1427100747
4016779678
4016779678
879171106
2356443676
2507572217
3682254448
75183565
2635115041
144341034
3236185850
3236185850
242898054
8934609
670039825
2217548992
2347359170
2347359170
3764926075
379032451
2322100296
3359748849
3359748849
863455472
1476958289
3516798567
3768049528
1139095113
2609477199
3150654052
3101193032
3101193032
897544931
4280959663
493101394
2229645619
865914567
3026090233
1073921143
1352002654
4077709108
4077709108
3896652949
3097990026
3777807804
3978104333
1177102775
1166869222
980157663
4154054634
65740968
65740968
65740968
1207355014
1792966394
310992873
2979241128
747683880
1354626308
2852217074
1458263984
4261396445
4261396445
853470228
2388645013
96679157
3331489062
2504642410
242497496
2525824225
2067989172
2067989172
1165519127
4277614598
1172312356
3294064468
1270359342
2700654940
2166574350
3433720490
428736295
428736295
2324344181
4263189430
2133277727
2671732526
1673762947
1673762947
4138687578
1008335797
560169454
581109367
581109367
2521468407
1294933762
2039026828
640323024
4086116328
2630190897
823585554
1470913619
1470913619
912268871
2885712593
1133615402
3978954781
1401699518
3728835044
326612512
3163181672
1605604905
1605604905
4063410333
1570566406
2411977410
2009510091
1319165207
1319165207
3170576957
3170576957
2807991923
2031431242
2031431242
1940936214
3481264468
296831476
371001398
2469243626
3176223133
2968190854
3599589393
486650408
486650408
320411309
286796429
96114953
3296707121
1325945808
1741872267
366076403
2120425079
2120425079
3967656675
2857063505
1273327550
2293631482
510752585
1207056309
4207989601
3551268094
2780141918
2780141918
2780141918
2273748382
4226098809
4226098809
1750246620
154342182
1520798172
2303605524
1890724421
625971287
625971287
1206634463
693892129
1449015277
143458461
1610915568
514797761
3770308573
4261803800
4261803800
3180550017
1576440199
1748280577
3706070302
863043386
2566079413
1488395090
3453378760
2058722837
2058722837
4112237322
838026452
608394895
2611320592
3301022757
2606920491
3027535348
1660379171
1660379171
2649538576
2649538576
1949399178
1949399178
1905468849
4278378574
4275409139
1961711715
1334455581
1689720953
1689720953
2108383214
437359009
1394598131
3303372817
4097251486
894525041
218656661
1944138255
2683852865
2683852865
4251716860
3070117066
408176680
955684834
955684834
3967340609
357143943
1285387149
189293901
2455857822
2455857822
2207544923
210223926
297379992
3423021681
2232969180
3743954257
501217048
2615085991
2615085991
953240066
4115207999
3853160074
2433521647
3873084576
3901869764
872903197
476498072
521553170
521553170
2366001905
3259353142
4247515710
2938930194
1100262029
1100262029
4055335361
3590969889
672820071
3257493512
3257493512
301591491
762563974
3424412332
247224661
1914686536
4195634718
3984251527
3694243142
3694243142
3693174870
1243247985
2240892536
1365665336
1756705086
2491986641
3409087792
94092686
134573412
134573412
2110092452
4168311331
258887822
1845758457
1789091383
2390156358
622211373
3438428848
543132033
543132033
543132033
4049044514
416002004
771381823
3704131930
1876508879
280279131
23725819
1143856401
2904781316
2904781316
421238594
891061583
1030968993
3396513980
3263556906
591993756
2708790332
280543626
280543626
3857246343
1132201699
1842122914
3158865148
3386973844
3825111316
3317579981
3979999812
3492480712
3492480712
2595255417
2595255417
2595255417
2595255417
2595255417
2595255417
2595255417
2595255417
2595255417
2595255417
2595255417
2081714887
1470277263
1470277263
345367134
1908672073
1908672073
61012590
61012590
1954228275
1954228275
2550530245
2102803061
3704431373
2165674286
1281071861
3436816909
3726484593
2880566494
2880566494
403788782
2078300448
4115709770
1941909383
3125701963
1894049487
1333658461
1910141659
1155361110
1155361110
2635244573
3524282674
1543321065
1915071490
3384201676
3937821550
1345636865
1588184997
1181720344
1181720344
1181720344
3296229443
3296229443
3968951699
665078252
1097923967
2859862337
616396960
2854403157
2780725966
2780725966
1075591836
1899365837
1308626624
4166470202
2295489838
997904816
2645019107
336321395
336321395
1169880103
1669793011
1738751018
3175678560
2781843796
2107423105
1417466184
717203723
3797899049
3797899049
2021522479
2021522479
2021522479
670657566
4175233126
58175530
114640170
2181919789
3150276462
3150276462
864953574
3411249201
3778255939
4107733340
3082860307
2813842667
1580993346
2896541037
238882582
238882582
238882582
199689900
1548747815
4051616721
3190372775
2613442677
3585286990
1791751473
1225997161
1225997161
3261914617
3261914617
795921010
2723900806
1921792462
2110681538
423216364
3654943599
327985470
327985470
386883166
3441839391
4009133481
584902714
945894675
945894675
4040130232
3556226971
409443860
3478267194
3478267194
3765884247
1830528324
4156387551
4139126788
1982256527
61114326
4029376040
2320167132
2320167132
2746847916
1073618887
3409061452
3486790679
3545372164
1476001885
4119601215
2200926000
2139524006
2139524006
2245103336
4011414979
504241382
976179284
801019998
512577173
3789495068
1635595097
3615254060
3615254060
3615254060
2630577322
3530593467
3019632851
1712238974
3933470937
1310081677
2068672806
2527349526
2433145583
2433145583
4206756299
1308773775
1943737172
4206526296
3568628495
2742449844
2553039983
2408082860
2408082860
1288560503
1675666956
87702942
267425156
797670650
2099609930
1494246631
2410004181
96884504
96884504
2107718596
3293153839
1629955403
565260410
2957611865
1250394864
1250394864
3685664542
63443372
3339114223
3339114223
513639250
1581331403
1043252462
308192058
135003635
943927271
3720167258
3792535242
3792535242
3792535242
3792535242
3732839020
939889885
259529222
