3754308096
3754433096
3754558096
3754683096
3754808096
3754933096
3755058096
3755183096
3755308096
3755433096
3755558096
3755683096
3755808096
3755933096
3756058096
3756183096
3756308096
3756433096
3756558096
3756683096
3756808096
3756933096
3757058096
3757183096
3757308096
3757433096
3757558096
3757683096
3757808096
3757933096
3758058096
3758183096
3758308096
3758433096
3758558096
3758683096
3758808096
3758933096
3759058096
3759183096
3759308096
3759433096
3759558096
3759683096
3759808096
3759933096
3760183096
3760308096
3760433096
3760558096
3760683096
3760808096
3760933096
3761058096
3761183096
3761308096
3761433096
3761558096
3761683096
3761808096
3761933096
3762058096
3762183096
3762308096
3762433096
3762558096
3762683096
3762808096
3762933096
3763058096
3763183096
3763308096
3763433096
3763558096
3763683096
3763808096
3763933096
3764058096
3764183096
3764308096
3764433096
3764558096
3764683096
3764808096
3764933096
3765058096
3765183096
3765308096
3765433096
3765558096
3765683096
3765808096
3765933096
3766058096
3766183096
3766308096
3766433096
3766683096
3766808096
3766933096
3767058096
3767183096
3767308096
3767433096
3767558096
3767683096
3767808096
3767933096
3768058096
3768183096
3768308096
3768433096
3768558096
3768683096
3768808096
3768933096
3769058096
3769183096
3769308096
3769433096
3769558096
3769683096
3769808096
3769933096
3770058096
3770183096
3770308096
3770433096
3770558096
3770683096
3770808096
3770933096
3771058096
3771183096
3771308096
3771433096
3771558096
3771683096
3771808096
3771933096
3772058096
3772183096
3772308096
3772433096
3772558096
3772683096
3772808096
3773058096
3773183096
3773308096
3773433096
3773558096
3773683096
3773808096
3773933096
3774058096
3774183096
3774308096
3774433096
3774558096
3774683096
3774808096
3774933096
3775058096
3775183096
3775308096
3775433096
3775558096
3775683096
3775808096
3775933096
3776058096
3776183096
3776308096
3776433096
3776558096
3776683096
3776808096
3776933096
3777058096
3777183096
3777308096
3777433096
3777558096
3777683096
3777808096
3777933096
3778058096
3778183096
3778308096
3778433096
3778558096
3778683096
3778808096
3778933096
3779058096
3779183096
3779308096
3779558096
3779683096
3779808096
3779933096
3780058096
3780183096
3780308096
3780433096
3780558096
3780683096
3780808096
3780933096
3781058096
3781183096
3781308096
3781433096
3781558096
3781683096
3781808096
3781933096
3782058096
3782183096
3782308096
3782433096
3782558096
3782683096
3782808096
3782933096
3783058096
3783183096
3783308096
3783433096
3783558096
3783683096
3783808096
3783933096
3784058096
3784183096
3784308096
3784433096
3784558096
3784683096
3784808096
3784933096
3785058096
3785183096
3785308096
3785433096
3785558096
3785683096
3785933096
3786058096
3786183096
3786308096
3786433096
3786558096
3786683096
3786808096
3786933096
3787058096
3787183096
3787308096
3787433096
3787558096
3787683096
3787808096
3787933096
3788058096
3788183096
3788308096
3788433096
3788558096
3788683096
3788808096
3788933096
3789058096
3789183096
3789308096
3789433096
3789558096
3789683096
3789808096
3789933096
3790058096
3790183096
3790308096
3790433096
3790558096
3790683096
3790808096
3790933096
3791058096
3791183096
3791308096
3791433096
3791558096
3791683096
3791808096
3791933096
3792058096
3792183096
3792433096
3792558096
3792683096
3792808096
3792933096
3793058096
3793183096
3793308096
3793433096
3793558096
3793683096
3793808096
3793933096
3794058096
3794183096
3794308096
3794433096
3794558096
3794683096
3794808096
3794933096
3795058096
3795183096
3795308096
3795433096
3795558096
3795683096
3795808096
3795933096
3796058096
3796183096
3796308096
3796433096
3796558096
3796683096
3796808096
3796933096
3797058096
3797183096
3797308096
3797433096
3797558096
3797683096
3797808096
3797933096
3798058096
3798183096
3798308096
3798433096
3798558096
3798808096
3798933096
3799058096
3799183096
3799308096
3799433096
3799558096
3799683096
3799808096
3799933096
3800058096
3800183096
3800308096
3800433096
3800558096
3800683096
3800808096
3800933096
3801058096
3801183096
3801308096
3801433096
3801558096
3801683096
3801808096
3801933096
3802058096
3802183096
3802308096
3802433096
3802558096
3802683096
3802808096
3802933096
3803058096
3803183096
3803308096
3803433096
3803558096
3803683096
3803808096
3803933096
3804058096
3804183096
3804308096
3804433096
3804558096
3804683096
3804808096
3804933096
3805058096
3805308096
3805433096
3805558096
3805683096
3805808096
3805933096
3806058096
3806183096
3806308096
3806433096
3806558096
3806683096
3806808096
3806933096
3807058096
3807183096
3807308096
3807433096
3807558096
3807683096
3807808096
3807933096
3808058096
3808183096
3808308096
3808433096
3808558096
3808683096
3808808096
3808933096
3809058096
3809183096
3809308096
3809433096
3809558096
3809683096
3809808096
3809933096
3810058096
3810183096
3810308096
3810433096
3810558096
3810683096
3810808096
3810933096
3811058096
3811183096
3811308096
3811433096
3811683096
3811808096
3811933096
3812058096
3812183096
3812308096
3812433096
3812558096
3812683096
3812808096
3812933096
3813058096
3813183096
3813308096
3813433096
3813558096
3813683096
3813808096
3813933096
3814058096
3814183096
3814308096
3814433096
3814558096
3814683096
3814808096
3814933096
3815058096
3815183096
3815308096
3815433096
3815558096
3815683096
3815808096
3815933096
3816058096
3816183096
3816308096
3816433096
3816558096
3816683096
3816808096
3816933096
3817058096
3817183096
3817308096
3817433096
3817558096
3817683096
3817808096
3817933096
3818183096
3818308096
3818433096
3818558096
3818683096
3818808096
3818933096
3819058096
3819183096
3819308096
3819433096
3819558096
3819683096
3819808096
3819933096
3820058096
3820183096
3820308096
3820433096
3820558096
3820683096
3820808096
3820933096
3821058096
3821183096
3821308096
3821433096
3821558096
3821683096
3821808096
3821933096
3822058096
3822183096
3822308096
3822433096
3822558096
3822683096
3822808096
3822933096
3823058096
3823183096
3823308096
3823433096
3823558096
3823683096
3823808096
3823933096
3824058096
3824183096
3824308096
3824558096
3824683096
3824808096
3824933096
3825058096
3825183096
3825308096
3825433096
3825558096
3825683096
3825808096
3825933096
3826058096
3826183096
3826308096
3826433096
3826558096
3826683096
3826808096
3826933096
3827058096
3827183096
3827308096
3827433096
3827558096
3827683096
3827808096
3827933096
3828058096
3828183096
3828308096
3828433096
3828558096
3828683096
3828808096
3828933096
3829058096
3829183096
3829308096
3829433096
3829558096
3829683096
3829808096
3829933096
3830058096
3830183096
3830308096
3830433096
3830558096
3830683096
3830808096
3831058096
3831183096
3831308096
3831433096
3831558096
3831683096
3831808096
3831933096
3832058096
3832183096
3832308096
3832433096
3832558096
3832683096
3832808096
3832933096
3833058096
3833183096
3833308096
3833433096
3833558096
3833683096
3833808096
3833933096
3834058096
3834183096
3834308096
3834433096
3834558096
3834683096
3834808096
3834933096
3835058096
3835183096
3835308096
3835433096
3835558096
3835683096
3835808096
3835933096
3836058096
3836183096
3836308096
3836433096
3836558096
3836683096
3836808096
3836933096
3837058096
3837183096
3837433096
3837558096
3837683096
3837808096
3837933096
3838058096
3838183096
3838308096
3838433096
3838558096
3838683096
3838808096
3838933096
3839058096
3839183096
3839308096
3839433096
3839558096
3839683096
3839808096
3839933096
3840058096
3840183096
3840308096
3840433096
3840558096
3840683096
3840808096
3840933096
3841058096
3841183096
3841308096
3841433096
3841558096
3841683096
3841808096
3841933096
3842058096
3842183096
3842308096
3842433096
3842558096
3842683096
3842808096
3842933096
3843058096
3843183096
3843308096
3843433096
3843558096
3843683096
3843933096
3844058096
3844183096
3844308096
3844433096
3844558096
3844683096
3844808096
3844933096
3845058096
3845183096
3845308096
3845433096
3845558096
3845683096
3845808096
3845933096
3846058096
3846183096
3846308096
3846433096
3846558096
3846683096
3846808096
3846933096
3847058096
3847183096
3847308096
3847433096
3847558096
3847683096
3847808096
3847933096
3848058096
3848183096
3848308096
3848433096
3848558096
3848683096
3848808096
3848933096
3849058096
3849183096
3849308096
3849433096
3849558096
3849683096
3849808096
3849933096
3850058096
3850308096
3850433096
3850558096
3850683096
3850808096
3850933096
3851058096
3851183096
3851308096
3851433096
3851558096
3851683096
3851808096
3851933096
3852058096
3852183096
3852308096
3852433096
3852558096
3852683096
3852808096
3852933096
3853058096
3853183096
3853308096
3853433096
3853558096
3853683096
3853808096
3853933096
3854058096
3854183096
3854308096
3854433096
3854558096
3854683096
3854808096
3854933096
3855058096
3855183096
3855308096
3855433096
3855558096
3855683096
3855808096
3855933096
3856058096
3856183096
3856308096
3856433096
3856558096
3856808096
3856933096
3857058096
3857183096
3857308096
3857433096
3857558096
3857683096
3857808096
3857933096
3858058096
3858183096
3858308096
3858433096
3858558096
3858683096
3858808096
3858933096
3859058096
3859183096
3859308096
3859433096
3859558096
3859683096
3859808096
3859933096
3860058096
3860183096
3860308096
3860433096
3860558096
3860683096
3860808096
3860933096
3861058096
3861183096
3861308096
3861433096
3861558096
3861683096
3861808096
3861933096
3862058096
3862183096
3862308096
3862433096
3862558096
3862683096
3862808096
3862933096
3863183096
3863308096
3863433096
3863558096
3863683096
3863808096
3863933096
3864058096
3864183096
3864308096
3864433096
3864558096
3864683096
3864808096
3864933096
3865058096
3865183096
3865308096
3865433096
3865558096
3865683096
3865808096
3865933096
3866058096
3866183096
3866308096
3866433096
3866558096
3866683096
3866808096
3866933096
3867058096
3867183096
3867308096
3867433096
3867558096
3867683096
3867808096
3867933096
3868058096
3868183096
3868308096
3868433096
3868558096
3868683096
3868808096
3868933096
3869058096
3869183096
3869308096
3869433096
3869683096
3869808096
3869933096
3870058096
3870183096
3870308096
3870433096
3870558096
3870683096
3870808096
3870933096
3871058096
3871183096
3871308096
3871433096
3871558096
3871683096
3871808096
3871933096
3872058096
3872183096
3872308096
3872433096
3872558096
3872683096
3872808096
3872933096
3873058096
3873183096
3873308096
3873433096
3873558096
3873683096
3873808096
3873933096
3874058096
3874183096
3874308096
3874433096
3874558096
3874683096
3874808096
3874933096
3875058096
3875183096
3875308096
3875433096
3875558096
3875683096
3875808096
3876058096
3876183096
3876308096
3876433096
3876558096
3876683096
3876808096
3876933096
3877058096
3877183096
3877308096
3877433096
3877558096
3877683096
3877808096
3877933096
3878058096
3878183096
3878308096
3878433096
3878558096
3878683096
3878808096
3878933096
3879058096
3879183096
3879308096
3879433096
3879558096
3879683096
3879808096
3879933096
3880058096
3880183096
3880308096
3880433096
3880558096
3880683096
3880808096
3880933096
3881058096
3881183096
3881308096
3881433096
3881558096
3881683096
3881808096
3881933096
3882058096
3882183096
3882308096
3882558096
3882683096
3882808096
3882933096
3883058096
3883183096
3883308096
3883433096
3883558096
3883683096
3883808096
3883933096
3884058096
3884183096
3884308096
3884433096
3884558096
3884683096
3884808096
3884933096
3885058096
3885183096
3885308096
3885433096
3885558096
3885683096
3885808096
3885933096
3886058096
3886183096
3886308096
3886433096
3886558096
3886683096
3886808096
3886933096
3887058096
3887183096
3887308096
3887433096
3887558096
3887683096
3887808096
3887933096
3888058096
3888183096
3888308096
3888433096
3888558096
3888683096
3888933096
3889058096
3889183096
3889308096
3889433096
3889558096
3889683096
3889808096
3889933096
3890058096
3890183096
3890308096
3890433096
3890558096
3890683096
3890808096
3890933096
3891058096
3891183096
3891308096
3891433096
3891558096
3891683096
3891808096
3891933096
3892058096
3892183096
3892308096
3892433096
3892558096
3892683096
3892808096
3892933096
3893058096
3893183096
3893308096
3893433096
3893558096
3893683096
3893808096
3893933096
3894058096
3894183096
3894308096
3894433096
3894558096
3894683096
3894808096
3894933096
3895058096
3895183096
3895433096
3895558096
3895683096
3895808096
3895933096
3896058096
3896183096
3896308096
3896433096
3896558096
3896683096
3896808096
3896933096
3897058096
3897183096
3897308096
3897433096
3897558096
3897683096
3897808096
3897933096
3898058096
3898183096
3898308096
3898433096
3898558096
3898683096
3898808096
3898933096
3899058096
3899183096
3899308096
3899433096
3899558096
3899683096
3899808096
3899933096
3900058096
3900183096
3900308096
3900433096
3900558096
3900683096
3900808096
3900933096
3901058096
3901183096
3901308096
3901433096
3901558096
3901808096
3901933096
3902058096
3902183096
3902308096
3902433096
3902558096
3902683096
3902808096
3902933096
3903058096
3903183096
3903308096
3903433096
3903558096
3903683096
3903808096
3903933096
3904058096
3904183096
3904308096
3904433096
3904558096
3904683096
3904808096
3904933096
3905058096
3905183096
3905308096
3905433096
3905558096
3905683096
3905808096
3905933096
3906058096
3906183096
3906308096
3906433096
3906558096
3906683096
3906808096
3906933096
3907058096
3907183096
3907308096
3907433096
3907558096
3907683096
3907808096
3907933096
3908058096
3908308096
3908433096
3908558096
3908683096
3908808096
3908933096
3909058096
3909183096
3909308096
3909433096
3909558096
3909683096
3909808096
3909933096
3910058096
3910183096
3910308096
3910433096
3910558096
3910683096
3910808096
3910933096
3911058096
3911183096
3911308096
3911433096
3911558096
3911683096
3911808096
3911933096
3912058096
3912183096
3912308096
3912433096
3912558096
3912683096
3912808096
3912933096
3913058096
3913183096
3913308096
3913433096
3913558096
3913683096
3913808096
3913933096
3914058096
3914183096
3914308096
3914433096
3914683096
3914808096
3914933096
3915058096
3915183096
3915308096
3915433096
3915558096
3915683096
3915808096
3915933096
3916058096
3916183096
3916308096
3916433096
3916558096
3916683096
3916808096
3916933096
3917058096
3917183096
3917308096
3917433096
3917558096
3917683096
3917808096
3917933096
3918058096
3918183096
3918308096
3918433096
3918558096
3918683096
3918808096
3918933096
3919058096
3919183096
3919308096
3919433096
3919558096
3919683096
3919808096
3919933096
3920058096
3920183096
3920308096
3920433096
3920558096
3920683096
3920808096
3920933096
3921183096
3921308096
3921433096
3921558096
3921683096
3921808096
3921933096
3922058096
3922183096
3922308096
3922433096
3922558096
3922683096
3922808096
3922933096
3923058096
3923183096
3923308096
3923433096
3923558096
3923683096
3923808096
3923933096
3924058096
3924183096
3924308096
3924433096
3924558096
3924683096
3924808096
3924933096
3925058096
3925183096
3925308096
3925433096
3925558096
3925683096
3925808096
3925933096
3926058096
3926183096
3926308096
3926433096
3926558096
3926683096
3926808096
3926933096
3927058096
3927183096
3927308096
3927558096
3927683096
3927808096
3927933096
3928058096
3928183096
3928308096
3928433096
3928558096
3928683096
3928808096
3928933096
3929058096
3929183096
3929308096
3929433096
3929558096
3929683096
3929808096
3929933096
3930058096
3930183096
3930308096
3930433096
3930558096
3930683096
3930808096
3930933096
3931058096
3931183096
3931308096
3931433096
3931558096
3931683096
3931808096
3931933096
3932058096
3932183096
3932308096
3932433096
3932558096
3932683096
3932808096
3932933096
3933058096
3933183096
3933308096
3933433096
3933558096
3933683096
3933808096
3934058096
3934183096
3934308096
3934433096
3934558096
3934683096
3934808096
3934933096
3935058096
3935183096
3935308096
3935433096
3935558096
3935683096
3935808096
3935933096
3936058096
3936183096
3936308096
3936433096
3936558096
3936683096
3936808096
3936933096
3937058096
3937183096
3937308096
3937433096
3937558096
3937683096
3937808096
3937933096
3938058096
3938183096
3938308096
3938433096
3938558096
3938683096
3938808096
3938933096
3939058096
3939183096
3939308096
3939433096
3939558096
3939683096
3939808096
3939933096
3940058096
3940183096
3940433096
3940558096
3940683096
3940808096
3940933096
3941058096
3941183096
3941308096
3941433096
3941558096
3941683096
3941808096
3941933096
3942058096
3942183096
3942308096
3942433096
3942558096
3942683096
3942808096
3942933096
3943058096
3943183096
3943308096
3943433096
3943558096
3943683096
3943808096
3943933096
3944058096
3944183096
3944308096
3944433096
3944558096
3944683096
3944808096
3944933096
3945058096
3945183096
3945308096
3945433096
3945558096
3945683096
3945808096
3945933096
3946058096
3946183096
3946308096
3946433096
3946558096
3946683096
3946933096
3947058096
3947183096
3947308096
3947433096
3947558096
3947683096
3947808096
3947933096
3948058096
3948183096
3948308096
3948433096
3948558096
3948683096
3948808096
3948933096
3949058096
3949183096
3949308096
3949433096
3949558096
3949683096
3949808096
3949933096
3950058096
3950183096
3950308096
3950433096
3950558096
3950683096
3950808096
3950933096
3951058096
3951183096
3951308096
3951433096
3951558096
3951683096
3951808096
3951933096
3952058096
3952183096
3952308096
3952433096
3952558096
3952683096
3952808096
3952933096
3953058096
3953308096
3953433096
3953558096
3953683096
3953808096
3953933096
3954058096
3954183096
3954308096
3954433096
3954558096
3954683096
3954808096
3954933096
3955058096
3955183096
3955308096
3955433096
3955558096
3955683096
3955808096
3955933096
3956058096
3956183096
3956308096
3956433096
3956558096
3956683096
3956808096
3956933096
3957058096
3957183096
3957308096
3957433096
3957558096
3957683096
3957808096
3957933096
3958058096
3958183096
3958308096
3958433096
3958558096
3958683096
3958808096
3958933096
3959058096
3959183096
3959308096
3959433096
3959558096
3959808096
3959933096
3960058096
3960183096
3960308096
3960433096
3960558096
3960683096
3960808096
3960933096
3961058096
3961183096
3961308096
3961433096
3961558096
3961683096
3961808096
3961933096
3962058096
3962183096
3962308096
3962433096
3962558096
3962683096
3962808096
3962933096
3963058096
3963183096
3963308096
3963433096
3963558096
3963683096
3963808096
3963933096
3964058096
3964183096
3964308096
3964433096
3964558096
3964683096
3964808096
3964933096
3965058096
3965183096
3965308096
3965433096
3965558096
3965683096
3965808096
3965933096
3966183096
3966308096
3966433096
3966558096
3966683096
3966808096
3966933096
3967058096
3967183096
3967308096
3967433096
3967558096
3967683096
3967808096
3967933096
3968058096
3968183096
3968308096
3968433096
3968558096
3968683096
3968808096
3968933096
3969058096
3969183096
3969308096
3969433096
3969558096
3969683096
3969808096
3969933096
3970058096
3970183096
3970308096
3970433096
3970558096
3970683096
3970808096
3970933096
3971058096
3971183096
3971308096
3971433096
3971558096
3971683096
3971808096
3971933096
3972058096
3972183096
3972308096
3972433096
3972683096
3972808096
3972933096
3973058096
3973183096
3973308096
3973433096
3973558096
3973683096
3973808096
3973933096
3974058096
3974183096
3974308096
3974433096
3974558096
3974683096
3974808096
3974933096
3975058096
3975183096
3975308096
3975433096
3975558096
3975683096
3975808096
3975933096
3976058096
3976183096
3976308096
3976433096
3976558096
3976683096
3976808096
3976933096
3977058096
3977183096
3977308096
3977433096
3977558096
3977683096
3977808096
3977933096
3978058096
3978183096
3978308096
3978433096
3978558096
3978683096
3978808096
3979058096
3979183096
3979308096
3979433096
3979558096
3979683096
3979808096
3979933096
3980058096
3980183096
3980308096
3980433096
3980558096
3980683096
3980808096
3980933096
3981058096
3981183096
3981308096
3981433096
3981558096
3981683096
3981808096
3981933096
3982058096
3982183096
3982308096
3982433096
3982558096
3982683096
3982808096
3982933096
3983058096
3983183096
3983308096
3983433096
3983558096
3983683096
3983808096
3983933096
3984058096
3984183096
3984308096
3984433096
3984558096
3984683096
3984808096
3984933096
3985058096
3985183096
3985308096
3985558096
3985683096
3985808096
3985933096
3986058096
3986183096
3986308096
3986433096
3986558096
3986683096
3986808096
3986933096
3987058096
3987183096
3987308096
3987433096
3987558096
3987683096
3987808096
3987933096
3988058096
3988183096
3988308096
3988433096
3988558096
3988683096
3988808096
3988933096
3989058096
3989183096
3989308096
3989433096
3989558096
3989683096
3989808096
3989933096
3990058096
3990183096
3990308096
3990433096
3990558096
3990683096
3990808096
3990933096
3991058096
3991183096
3991308096
3991433096
3991558096
3991683096
3991933096
3992058096
3992183096
3992308096
3992433096
3992558096
3992683096
3992808096
3992933096
3993058096
3993183096
3993308096
3993433096
3993558096
3993683096
3993808096
3993933096
3994058096
3994183096
3994308096
3994433096
3994558096
3994683096
3994808096
3994933096
3995058096
3995183096
3995308096
3995433096
3995558096
3995683096
3995808096
3995933096
3996058096
3996183096
3996308096
3996433096
3996558096
3996683096
3996808096
3996933096
3997058096
3997183096
3997308096
3997433096
3997558096
3997683096
3997808096
3997933096
3998058096
3998183096
3998433096
3998558096
3998683096
3998808096
3998933096
3999058096
3999183096
3999308096
3999433096
3999558096
3999683096
3999808096
3999933096
4000058096
4000183096
4000308096
4000433096
4000558096
4000683096
4000808096
4000933096
4001058096
4001183096
4001308096
4001433096
4001558096
4001683096
4001808096
4001933096
4002058096
4002183096
4002308096
4002433096
4002558096
4002683096
4002808096
4002933096
4003058096
4003183096
4003308096
4003433096
4003558096
4003683096
4003808096
4003933096
4004058096
4004183096
4004308096
4004433096
4004558096
4004808096
4004933096
4005058096
4005183096
4005308096
4005433096
4005558096
4005683096
4005808096
4005933096
4006058096
4006183096
4006308096
4006433096
4006558096
4006683096
4006808096
4006933096
4007058096
4007183096
4007308096
4007433096
4007558096
4007683096
4007808096
4007933096
4008058096
4008183096
4008308096
4008433096
4008558096
4008683096
4008808096
4008933096
4009058096
4009183096
4009308096
4009433096
4009558096
4009683096
4009808096
4009933096
4010058096
4010183096
4010308096
4010433096
4010558096
4010683096
4010808096
4010933096
4011058096
4011308096
4011433096
4011558096
4011683096
4011808096
4011933096
4012058096
4012183096
4012308096
4012433096
4012558096
4012683096
4012808096
4012933096
4013058096
4013183096
4013308096
4013433096
4013558096
4013683096
4013808096
4013933096
4014058096
4014183096
4014308096
4014433096
4014558096
4014683096
4014808096
4014933096
4015058096
4015183096
4015308096
4015433096
4015558096
4015683096
4015808096
4015933096
4016058096
4016183096
4016308096
4016433096
4016558096
4016683096
4016808096
4016933096
4017058096
4017183096
4017308096
4017433096
4017683096
4017808096
4017933096
4018058096
4018183096
4018308096
4018433096
4018558096
4018683096
4018808096
4018933096
4019058096
4019183096
4019308096
4019433096
4019558096
4019683096
4019808096
4019933096
4020058096
4020183096
4020308096
4020433096
4020558096
4020683096
4020808096
4020933096
4021058096
4021183096
4021308096
4021433096
4021558096
4021683096
4021808096
4021933096
4022058096
4022183096
4022308096
4022433096
4022558096
4022683096
4022808096
4022933096
4023058096
4023183096
4023308096
4023433096
4023558096
4023683096
4023808096
4023933096
4024183096
4024308096
4024433096
4024558096
4024683096
4024808096
4024933096
4025058096
4025183096
4025308096
4025433096
4025558096
4025683096
4025808096
4025933096
4026058096
4026183096
4026308096
4026433096
4026558096
4026683096
4026808096
4026933096
4027058096
4027183096
4027308096
4027433096
4027558096
4027683096
4027808096
4027933096
4028058096
4028183096
4028308096
4028433096
4028558096
4028683096
4028808096
4028933096
4029058096
4029183096
4029308096
4029433096
4029558096
4029683096
4029808096
4029933096
4030058096
4030183096
4030308096
4030558096
4030683096
4030808096
4030933096
4031058096
4031183096
4031308096
4031433096
4031558096
4031683096
4031808096
4031933096
4032058096
4032183096
4032308096
4032433096
4032558096
4032683096
4032808096
4032933096
4033058096
4033183096
4033308096
4033433096
4033558096
4033683096
4033808096
4033933096
4034058096
4034183096
4034308096
4034433096
4034558096
4034683096
4034808096
4034933096
4035058096
4035183096
4035308096
4035433096
4035558096
4035683096
4035808096
4035933096
4036058096
4036183096
4036308096
4036433096
4036558096
4036683096
4036808096
4037058096
4037183096
4037308096
4037433096
4037558096
4037683096
4037808096
4037933096
4038058096
4038183096
4038308096
4038433096
4038558096
4038683096
4038808096
4038933096
4039058096
4039183096
4039308096
4039433096
4039558096
4039683096
4039808096
4039933096
4040058096
4040183096
4040308096
4040433096
4040558096
4040683096
4040808096
4040933096
4041058096
4041183096
4041308096
4041433096
4041558096
4041683096
4041808096
4041933096
4042058096
4042183096
4042308096
4042433096
4042558096
4042683096
4042808096
4042933096
4043058096
4043183096
4043433096
4043558096
4043683096
4043808096
4043933096
4044058096
4044183096
4044308096
4044433096
4044558096
4044683096
4044808096
4044933096
4045058096
4045183096
4045308096
4045433096
4045558096
4045683096
4045808096
4045933096
4046058096
4046183096
4046308096
4046433096
4046558096
4046683096
4046808096
4046933096
4047058096
4047183096
4047308096
4047433096
4047558096
4047683096
4047808096
4047933096
4048058096
4048183096
4048308096
4048433096
4048558096
4048683096
4048808096
4048933096
4049058096
4049183096
4049308096
4049433096
4049558096
4049683096
4049933096
4050058096
4050183096
4050308096
4050433096
4050558096
4050683096
4050808096
4050933096
4051058096
4051183096
4051308096
4051433096
4051558096
4051683096
4051808096
4051933096
4052058096
4052183096
4052308096
4052433096
4052558096
4052683096
4052808096
4052933096
4053058096
4053183096
4053308096
4053433096
4053558096
4053683096
4053808096
4053933096
4054058096
4054183096
4054308096
4054433096
4054558096
4054683096
4054808096
4054933096
4055058096
4055183096
4055308096
4055433096
4055558096
4055683096
4055808096
4055933096
4056058096
4056308096
4056433096
4056558096
4056683096
4056808096
4056933096
4057058096
4057183096
4057308096
4057433096
4057558096
4057683096
4057808096
4057933096
4058058096
4058183096
4058308096
4058433096
4058558096
4058683096
4058808096
4058933096
4059058096
4059183096
4059308096
4059433096
4059558096
4059683096
4059808096
4059933096
4060058096
4060183096
4060308096
4060433096
4060558096
4060683096
4060808096
4060933096
4061058096
4061183096
4061308096
4061433096
4061558096
4061683096
4061808096
4061933096
4062058096
4062183096
4062308096
4062433096
4062558096
4062808096
4062933096
4063058096
4063183096
4063308096
4063433096
4063558096
4063683096
4063808096
4063933096
4064058096
4064183096
4064308096
4064433096
4064558096
4064683096
4064808096
4064933096
4065058096
4065183096
4065308096
4065433096
4065558096
4065683096
4065808096
4065933096
4066058096
4066183096
4066308096
4066433096
4066558096
4066683096
4066808096
4066933096
4067058096
4067183096
4067308096
4067433096
4067558096
4067683096
4067808096
4067933096
4068058096
4068183096
4068308096
4068433096
4068558096
4068683096
4068808096
4068933096
4069183096
4069308096
4069433096
4069558096
4069683096
4069808096
4069933096
4070058096
4070183096
4070308096
4070433096
4070558096
4070683096
4070808096
4070933096
4071058096
4071183096
4071308096
4071433096
4071558096
4071683096
4071808096
4071933096
4072058096
4072183096
4072308096
4072433096
4072558096
4072683096
4072808096
4072933096
4073058096
4073183096
4073308096
4073433096
4073558096
4073683096
4073808096
4073933096
4074058096
4074183096
4074308096
4074433096
4074558096
4074683096
4074808096
4074933096
4075058096
4075183096
4075308096
4075433096
4075683096
4075808096
4075933096
4076058096
4076183096
4076308096
4076433096
4076558096
4076683096
4076808096
4076933096
4077058096
4077183096
4077308096
4077433096
4077558096
4077683096
4077808096
4077933096
4078058096
4078183096
4078308096
4078433096
4078558096
4078683096
4078808096
4078933096
4079058096
4079183096
4079308096
4079433096
4079558096
4079683096
4079808096
4079933096
4080058096
4080183096
4080308096
4080433096
4080558096
4080683096
4080808096
4080933096
4081058096
4081183096
4081308096
4081433096
4081558096
4081683096
4081808096
4082058096
4082183096
4082308096
4082433096
4082558096
4082683096
4082808096
4082933096
4083058096
4083183096
4083308096
4083433096
4083558096
4083683096
4083808096
4083933096
4084058096
4084183096
4084308096
4084433096
4084558096
4084683096
4084808096
4084933096
4085058096
4085183096
4085308096
4085433096
4085558096
4085683096
4085808096
4085933096
4086058096
4086183096
4086308096
4086433096
4086558096
4086683096
4086808096
4086933096
4087058096
4087183096
4087308096
4087433096
4087558096
4087683096
4087808096
4087933096
4088058096
4088183096
4088308096
4088558096
4088683096
4088808096
4088933096
4089058096
4089183096
4089308096
4089433096
4089558096
4089683096
4089808096
4089933096
4090058096
4090183096
4090308096
4090433096
4090558096
4090683096
4090808096
4090933096
4091058096
4091183096
4091308096
4091433096
4091558096
4091683096
4091808096
4091933096
4092058096
4092183096
4092308096
4092433096
4092558096
4092683096
4092808096
4092933096
4093058096
4093183096
4093308096
4093433096
4093558096
4093683096
4093808096
4093933096
4094058096
4094183096
4094308096
4094433096
4094558096
4094683096
4094933096
4095058096
4095183096
4095308096
4095433096
4095558096
4095683096
4095808096
4095933096
4096058096
4096183096
4096308096
4096433096
4096558096
4096683096
4096808096
4096933096
4097058096
4097183096
4097308096
4097433096
4097558096
4097683096
4097808096
4097933096
4098058096
4098183096
4098308096
4098433096
4098558096
4098683096
4098808096
4098933096
4099058096
4099183096
4099308096
4099433096
4099558096
4099683096
4099808096
4099933096
4100058096
4100183096
4100308096
4100433096
4100558096
4100683096
4100808096
4100933096
4101058096
4101183096
4101433096
4101558096
4101683096
4101808096
4101933096
4102058096
4102183096
4102308096
4102433096
4102558096
4102683096
4102808096
4102933096
4103058096
4103183096
4103308096
4103433096
4103558096
4103683096
4103808096
4103933096
4104058096
4104183096
4104308096
4104433096
4104558096
4104683096
4104808096
4104933096
4105058096
4105183096
4105308096
4105433096
4105558096
4105683096
4105808096
4105933096
4106058096
4106183096
4106308096
4106433096
4106558096
4106683096
4106808096
4106933096
4107058096
4107183096
4107308096
4107433096
4107558096
4107808096
4107933096
4108058096
4108183096
4108308096
4108433096
4108558096
4108683096
4108808096
4108933096
4109058096
4109183096
4109308096
4109433096
4109558096
4109683096
4109808096
4109933096
4110058096
4110183096
4110308096
4110433096
4110558096
4110683096
4110808096
4110933096
4111058096
4111183096
4111308096
4111433096
4111558096
4111683096
4111808096
4111933096
4112058096
4112183096
4112308096
4112433096
4112558096
4112683096
4112808096
4112933096
4113058096
4113183096
4113308096
4113433096
4113558096
4113683096
4113808096
4113933096
4114058096
4114308096
4114433096
4114558096
4114683096
4114808096
4114933096
4115058096
4115183096
4115308096
4115433096
4115558096
4115683096
4115808096
4115933096
4116058096
4116183096
4116308096
4116433096
4116558096
4116683096
4116808096
4116933096
4117058096
4117183096
4117308096
4117433096
4117558096
4117683096
4117808096
4117933096
4118058096
4118183096
4118308096
4118433096
4118558096
4118683096
4118808096
4118933096
4119058096
4119183096
4119308096
4119433096
4119558096
4119683096
4119808096
4119933096
4120058096
4120183096
4120308096
4120433096
4120683096
4120808096
4120933096
4121058096
4121183096
4121308096
4121433096
4121558096
4121683096
4121808096
4121933096
4122058096
4122183096
4122308096
4122433096
4122558096
4122683096
4122808096
4122933096
4123058096
4123183096
4123308096
4123433096
4123558096
4123683096
4123808096
4123933096
4124058096
4124183096
4124308096
4124433096
4124558096
4124683096
4124808096
4124933096
4125058096
4125183096
4125308096
4125433096
4125558096
4125683096
4125808096
4125933096
4126058096
4126183096
4126308096
4126433096
4126558096
4126683096
4126808096
4126933096
4127183096
4127308096
4127433096
4127558096
4127683096
4127808096
4127933096
4128058096
4128183096
4128308096
4128433096
4128558096
4128683096
4128808096
4128933096
4129058096
4129183096
4129308096
4129433096
4129558096
4129683096
4129808096
4129933096
4130058096
4130183096
4130308096
4130433096
4130558096
4130683096
4130808096
4130933096
4131058096
4131183096
4131308096
4131433096
4131558096
4131683096
4131808096
4131933096
4132058096
4132183096
4132308096
4132433096
4132558096
4132683096
4132808096
4132933096
4133058096
4133183096
4133308096
4133558096
4133683096
4133808096
4133933096
4134058096
4134183096
4134308096
4134433096
4134558096
4134683096
4134808096
4134933096
4135058096
4135183096
4135308096
4135433096
4135558096
4135683096
4135808096
4135933096
4136058096
4136183096
4136308096
4136433096
4136558096
4136683096
4136808096
4136933096
4137058096
4137183096
4137308096
4137433096
4137558096
4137683096
4137808096
4137933096
4138058096
4138183096
4138308096
4138433096
4138558096
4138683096
4138808096
4138933096
4139058096
4139183096
4139308096
4139433096
4139558096
4139683096
4139808096
4140058096
4140183096
4140308096
4140433096
4140558096
4140683096
4140808096
4140933096
4141058096
4141183096
4141308096
4141433096
4141558096
4141683096
4141808096
4141933096
4142058096
4142183096
4142308096
4142433096
4142558096
4142683096
4142808096
4142933096
4143058096
4143183096
4143308096
4143433096
4143558096
4143683096
4143808096
4143933096
4144058096
4144183096
4144308096
4144433096
4144558096
4144683096
4144808096
4144933096
4145058096
4145183096
4145308096
4145433096
4145558096
4145683096
4145808096
4145933096
4146058096
4146183096
4146433096
4146558096
4146683096
4146808096
4146933096
4147058096
4147183096
4147308096
4147433096
4147558096
4147683096
4147808096
4147933096
4148058096
4148183096
4148308096
4148433096
4148558096
4148683096
4148808096
4148933096
4149058096
4149183096
4149308096
4149433096
4149558096
4149683096
4149808096
4149933096
4150058096
4150183096
4150308096
4150433096
4150558096
4150683096
4150808096
4150933096
4151058096
4151183096
4151308096
4151433096
4151558096
4151683096
4151808096
4151933096
4152058096
4152183096
4152308096
4152433096
4152558096
4152683096
4152933096
4153058096
4153183096
4153308096
4153433096
4153558096
4153683096
4153808096
4153933096
4154058096
4154183096
4154308096
4154433096
4154558096
4154683096
4154808096
4154933096
4155058096
4155183096
4155308096
4155433096
4155558096
4155683096
4155808096
4155933096
4156058096
4156183096
4156308096
4156433096
4156558096
4156683096
4156808096
4156933096
4157058096
4157183096
4157308096
4157433096
4157558096
4157683096
4157808096
4157933096
4158058096
4158183096
4158308096
4158433096
4158558096
4158683096
4158808096
4158933096
4159058096
4159308096
4159433096
4159558096
4159683096
4159808096
4159933096
4160058096
4160183096
4160308096
4160433096
4160558096
4160683096
4160808096
4160933096
4161058096
4161183096
4161308096
4161433096
4161558096
4161683096
4161808096
4161933096
4162058096
4162183096
4162308096
4162433096
4162558096
4162683096
4162808096
4162933096
4163058096
4163183096
4163308096
4163433096
4163558096
4163683096
4163808096
4163933096
4164058096
4164183096
4164308096
4164433096
4164558096
4164683096
4164808096
4164933096
4165058096
4165183096
4165308096
4165433096
4165558096
4165808096
4165933096
4166058096
4166183096
4166308096
4166433096
4166558096
4166683096
4166808096
4166933096
4167058096
4167183096
4167308096
4167433096
4167558096
4167683096
4167808096
4167933096
4168058096
4168183096
4168308096
4168433096
4168558096
4168683096
4168808096
4168933096
4169058096
4169183096
4169308096
4169433096
4169558096
4169683096
4169808096
4169933096
4170058096
4170183096
4170308096
4170433096
4170558096
4170683096
4170808096
4170933096
4171058096
4171183096
4171308096
4171433096
4171558096
4171683096
4171808096
4171933096
4172183096
4172308096
4172433096
4172558096
4172683096
4172808096
4172933096
4173058096
4173183096
4173308096
4173433096
4173558096
4173683096
4173808096
4173933096
4174058096
4174183096
4174308096
4174433096
4174558096
4174683096
4174808096
4174933096
4175058096
4175183096
4175308096
4175433096
4175558096
4175683096
4175808096
4175933096
4176058096
4176183096
4176308096
4176433096
4176558096
4176683096
4176808096
4176933096
4177058096
4177183096
4177308096
4177433096
4177558096
4177683096
4177808096
4177933096
4178058096
4178183096
4178308096
4178433096
4178683096
4178808096
4178933096
4179058096
4179183096
4179308096
4179433096
4179558096
4179683096
4179808096
4179933096
4180058096
4180183096
4180308096
4180433096
4180558096
4180683096
4180808096
4180933096
4181058096
4181183096
4181308096
4181433096
4181558096
4181683096
4181808096
4181933096
4182058096
4182183096
4182308096
4182433096
4182558096
4182683096
4182808096
4182933096
4183058096
4183183096
4183308096
4183433096
4183558096
4183683096
4183808096
4183933096
4184058096
4184183096
4184308096
4184433096
4184558096
4184683096
4184808096
4185058096
4185183096
4185308096
4185433096
4185558096
4185683096
4185808096
4185933096
4186058096
4186183096
4186308096
4186433096
4186558096
4186683096
4186808096
4186933096
4187058096
4187183096
4187308096
4187433096
4187558096
4187683096
4187808096
4187933096
4188058096
4188183096
4188308096
4188433096
4188558096
4188683096
4188808096
4188933096
4189058096
4189183096
4189308096
4189433096
4189558096
4189683096
4189808096
4189933096
4190058096
4190183096
4190308096
4190433096
4190558096
4190683096
4190808096
4190933096
4191058096
4191183096
4191308096
4191558096
4191683096
4191808096
4191933096
4192058096
4192183096
4192308096
4192433096
4192558096
4192683096
4192808096
4192933096
4193058096
4193183096
4193308096
4193433096
4193558096
4193683096
4193808096
4193933096
4194058096
4194183096
4194308096
4194433096
4194558096
4194683096
4194808096
4194933096
4195058096
4195183096
4195308096
4195433096
4195558096
4195683096
4195808096
4195933096
4196058096
4196183096
4196308096
4196433096
4196558096
4196683096
4196808096
4196933096
4197058096
4197183096
4197308096
4197433096
4197558096
4197683096
4197933096
4198058096
4198183096
4198308096
4198433096
4198558096
4198683096
4198808096
4198933096
4199058096
4199183096
4199308096
4199433096
4199558096
4199683096
4199808096
4199933096
4200058096
4200183096
4200308096
4200433096
4200558096
4200683096
4200808096
4200933096
4201058096
4201183096
4201308096
4201433096
4201558096
4201683096
4201808096
4201933096
4202058096
4202183096
4202308096
4202433096
4202558096
4202683096
4202808096
4202933096
4203058096
4203183096
4203308096
4203433096
4203558096
4203683096
4203808096
4203933096
4204058096
4204183096
4204433096
4204558096
4204683096
4204808096
4204933096
4205058096
4205183096
4205308096
4205433096
4205558096
4205683096
4205808096
4205933096
4206058096
4206183096
4206308096
4206433096
4206558096
4206683096
4206808096
4206933096
4207058096
4207183096
4207308096
4207433096
4207558096
4207683096
4207808096
4207933096
4208058096
4208183096
4208308096
4208433096
4208558096
4208683096
4208808096
4208933096
4209058096
4209183096
4209308096
4209433096
4209558096
4209683096
4209808096
4209933096
4210058096
4210183096
4210308096
4210433096
4210558096
4210808096
4210933096
4211058096
4211183096
4211308096
4211433096
4211558096
4211683096
4211808096
4211933096
4212058096
4212183096
4212308096
4212433096
4212558096
4212683096
4212808096
4212933096
4213058096
4213183096
4213308096
4213433096
4213558096
4213683096
4213808096
4213933096
4214058096
4214183096
4214308096
4214433096
4214558096
4214683096
4214808096
4214933096
4215058096
4215183096
4215308096
4215433096
4215558096
4215683096
4215808096
4215933096
4216058096
4216183096
4216308096
4216433096
4216558096
4216683096
4216808096
4216933096
4217058096
4217308096
4217433096
4217558096
4217683096
4217808096
4217933096
4218058096
4218183096
4218308096
4218433096
4218558096
4218683096
4218808096
4218933096
4219058096
4219183096
4219308096
4219433096
4219558096
4219683096
4219808096
4219933096
4220058096
4220183096
4220308096
4220433096
4220558096
4220683096
4220808096
4220933096
4221058096
4221183096
4221308096
4221433096
4221558096
4221683096
4221808096
4221933096
4222058096
4222183096
4222308096
4222433096
4222558096
4222683096
4222808096
4222933096
4223058096
4223183096
4223308096
4223433096
4223683096
4223808096
4223933096
4224058096
4224183096
4224308096
4224433096
4224558096
4224683096
4224808096
4224933096
4225058096
4225183096
4225308096
4225433096
4225558096
4225683096
4225808096
4225933096
4226058096
4226183096
4226308096
4226433096
4226558096
4226683096
4226808096
4226933096
4227058096
4227183096
4227308096
4227433096
4227558096
4227683096
4227808096
4227933096
4228058096
4228183096
4228308096
4228433096
4228558096
4228683096
4228808096
4228933096
4229058096
4229183096
4229308096
4229433096
4229558096
4229683096
4229808096
4229933096
4230183096
4230308096
4230433096
4230558096
4230683096
4230808096
4230933096
4231058096
4231183096
4231308096
4231433096
4231558096
4231683096
4231808096
4231933096
4232058096
4232183096
4232308096
4232433096
4232558096
4232683096
4232808096
4232933096
4233058096
4233183096
4233308096
4233433096
4233558096
4233683096
4233808096
4233933096
4234058096
4234183096
4234308096
4234433096
4234558096
4234683096
4234808096
4234933096
4235058096
4235183096
4235308096
4235433096
4235558096
4235683096
4235808096
4235933096
4236058096
4236183096
4236308096
4236558096
4236683096
4236808096
4236933096
4237058096
4237183096
4237308096
4237433096
4237558096
4237683096
4237808096
4237933096
4238058096
4238183096
4238308096
4238433096
4238558096
4238683096
4238808096
4238933096
4239058096
4239183096
4239308096
4239433096
4239558096
4239683096
4239808096
4239933096
4240058096
4240183096
4240308096
4240433096
4240558096
4240683096
4240808096
4240933096
4241058096
4241183096
4241308096
4241433096
4241558096
4241683096
4241808096
4241933096
4242058096
4242183096
4242308096
4242433096
4242558096
4242683096
4242808096
4243058096
4243183096
4243308096
4243433096
4243558096
4243683096
4243808096
4243933096
4244058096
4244183096
4244308096
4244433096
4244558096
4244683096
4244808096
4244933096
4245058096
4245183096
4245308096
4245433096
4245558096
4245683096
4245808096
4245933096
4246058096
4246183096
4246308096
4246433096
4246558096
4246683096
4246808096
4246933096
4247058096
4247183096
4247308096
4247433096
4247558096
4247683096
4247808096
4247933096
4248058096
4248183096
4248308096
4248433096
4248558096
4248683096
4248808096
4248933096
4249058096
4249183096
4249433096
4249558096
4249683096
4249808096
4249933096
4250058096
4250183096
4250308096
4250433096
4250558096
4250683096
4250808096
4250933096
4251058096
4251183096
4251308096
4251433096
4251558096
4251683096
4251808096
4251933096
4252058096
4252183096
4252308096
4252433096
4252558096
4252683096
4252808096
4252933096
4253058096
4253183096
4253308096
4253433096
4253558096
4253683096
4253808096
4253933096
4254058096
4254183096
4254308096
4254433096
4254558096
4254683096
4254808096
4254933096
4255058096
4255183096
4255308096
4255433096
4255558096
4255683096
4255933096
4256058096
4256183096
4256308096
4256433096
4256558096
4256683096
4256808096
4256933096
4257058096
4257183096
4257308096
4257433096
4257558096
4257683096
4257808096
4257933096
4258058096
4258183096
4258308096
4258433096
4258558096
4258683096
4258808096
4258933096
4259058096
4259183096
4259308096
4259433096
4259558096
4259683096
4259808096
4259933096
4260058096
4260183096
4260308096
4260433096
4260558096
4260683096
4260808096
4260933096
4261058096
4261183096
4261308096
4261433096
4261558096
4261683096
4261808096
4261933096
4262058096
4262308096
4262433096
4262558096
4262683096
4262808096
4262933096
4263058096
4263183096
4263308096
4263433096
4263558096
4263683096
4263808096
4263933096
4264058096
4264183096
4264308096
4264433096
4264558096
4264683096
4264808096
4264933096
4265058096
4265183096
4265308096
4265433096
4265558096
4265683096
4265808096
4265933096
4266058096
4266183096
4266308096
4266433096
4266558096
4266683096
4266808096
4266933096
4267058096
4267183096
4267308096
4267433096
4267558096
4267683096
4267808096
4267933096
4268058096
4268183096
4268308096
4268433096
4268558096
4268808096
4268933096
4269058096
4269183096
4269308096
4269433096
4269558096
4269683096
4269808096
4269933096
4270058096
4270183096
4270308096
4270433096
4270558096
4270683096
4270808096
4270933096
4271058096
4271183096
4271308096
4271433096
4271558096
4271683096
4271808096
4271933096
4272058096
4272183096
4272308096
4272433096
4272558096
4272683096
4272808096
4272933096
4273058096
4273183096
4273308096
4273433096
4273558096
4273683096
4273808096
4273933096
4274058096
4274183096
4274308096
4274433096
4274558096
4274683096
4274808096
4274933096
4275183096
4275308096
4275433096
4275558096
4275683096
4275808096
4275933096
4276058096
4276183096
4276308096
4276433096
4276558096
4276683096
4276808096
4276933096
4277058096
4277183096
4277308096
4277433096
4277558096
4277683096
4277808096
4277933096
4278058096
4278183096
4278308096
4278433096
4278558096
4278683096
4278808096
4278933096
4279058096
4279183096
4279308096
4279433096
4279558096
4279683096
4279808096
4279933096
4280058096
4280183096
4280308096
4280433096
4280558096
4280683096
4280808096
4280933096
4281058096
4281183096
4281308096
4281433096
4281683096
4281808096
4281933096
4282058096
4282183096
4282308096
4282433096
4282558096
4282683096
4282808096
4282933096
4283058096
4283183096
4283308096
4283433096
4283558096
4283683096
4283808096
4283933096
4284058096
4284183096
4284308096
4284433096
4284558096
4284683096
4284808096
4284933096
4285058096
4285183096
4285308096
4285433096
4285558096
4285683096
4285808096
4285933096
4286058096
4286183096
4286308096
4286433096
4286558096
4286683096
4286808096
4286933096
4287058096
4287183096
4287308096
4287433096
4287558096
4287683096
4287808096
4288058096
4288183096
4288308096
4288433096
4288558096
4288683096
4288808096
4288933096
4289058096
4289183096
4289308096
4289433096
4289558096
4289683096
4289808096
4289933096
4290058096
4290183096
4290308096
4290433096
4290558096
4290683096
4290808096
4290933096
4291058096
4291183096
4291308096
4291433096
4291558096
4291683096
4291808096
4291933096
4292058096
4292183096
4292308096
4292433096
4292558096
4292683096
4292808096
4292933096
4293058096
4293183096
4293308096
4293433096
4293558096
4293683096
4293808096
4293933096
4294058096
4294183096
4294308096
4294558096
4294683096
4294808096
4294933096
90800
215800
340800
465800
590800
715800
840800
965800
1090800
1215800
1340800
1465800
1590800
1715800
1840800
1965800
2090800
2215800
2340800
2465800
2590800
2715800
2840800
2965800
3090800
3215800
3340800
3465800
3590800
3715800
3840800
3965800
4090800
4215800
4340800
4465800
4590800
4715800
4840800
4965800
5090800
5215800
5340800
5465800
5590800
5715800
5965800
6090800
6215800
6340800
6465800
6590800
6715800
6840800
6965800
7090800
7215800
7340800
7465800
7590800
7715800
7840800
7965800
8090800
8215800
8340800
8465800
8590800
8715800
8840800
8965800
9090800
9215800
9340800
9465800
9590800
9715800
9840800
9965800
10090800
10215800
10340800
10465800
10590800
10715800
10840800
10965800
11090800
11215800
11340800
11465800
11590800
11715800
11840800
11965800
12090800
12215800
12465800
12590800
12715800
12840800
12965800
13090800
13215800
13340800
13465800
13590800
13715800
13840800
13965800
14090800
14215800
14340800
14465800
14590800
14715800
14840800
14965800
15090800
15215800
15340800
15465800
15590800
15715800
15840800
15965800
16090800
16215800
16340800
16465800
16590800
16715800
16840800
16965800
17090800
17215800
17340800
17465800
17590800
17715800
17840800
17965800
18090800
18215800
18340800
18465800
18590800
18840800
18965800
19090800
19215800
19340800
19465800
19590800
19715800
19840800
19965800
20090800
20215800
20340800
20465800
20590800
20715800
20840800
20965800
21090800
21215800
21340800
21465800
21590800
21715800
21840800
21965800
22090800
22215800
22340800
22465800
22590800
22715800
22840800
22965800
23090800
23215800
23340800
23465800
23590800
23715800
23840800
23965800
24090800
24215800
24340800
24465800
24590800
24715800
24840800
24965800
25090800
25340800
25465800
25590800
25715800
25840800
25965800
26090800
26215800
26340800
26465800
26590800
26715800
26840800
26965800
27090800
27215800
27340800
27465800
27590800
27715800
27840800
27965800
28090800
28215800
28340800
28465800
28590800
28715800
28840800
28965800
29090800
29215800
29340800
29465800
29590800
29715800
29840800
29965800
30090800
30215800
30340800
30465800
30590800
30715800
30840800
30965800
31090800
31215800
31340800
31465800
31715800
31840800
31965800
32090800
32215800
32340800
32465800
32590800
32715800
32840800
32965800
33090800
33215800
33340800
33465800
33590800
33715800
33840800
33965800
34090800
34215800
34340800
34465800
34590800
34715800
34840800
34965800
35090800
35215800
35340800
35465800
35590800
35715800
35840800
35965800
36090800
36215800
36340800
36465800
36590800
36715800
36840800
36965800
37090800
37215800
37340800
37465800
37590800
37715800
37840800
37965800
38215800
38340800
38465800
38590800
38715800
38840800
38965800
39090800
39215800
39340800
39465800
39590800
39715800
39840800
39965800
40090800
40215800
40340800
40465800
40590800
40715800
40840800
40965800
41090800
41215800
41340800
41465800
41590800
41715800
41840800
41965800
42090800
42215800
42340800
42465800
42590800
42715800
42840800
42965800
43090800
43215800
43340800
43465800
43590800
43715800
43840800
43965800
44090800
44215800
44340800
44590800
44715800
44840800
44965800
45090800
45215800
45340800
45465800
45590800
45715800
45840800
45965800
46090800
46215800
46340800
46465800
46590800
46715800
46840800
46965800
47090800
47215800
47340800
47465800
47590800
47715800
47840800
47965800
48090800
48215800
48340800
48465800
48590800
48715800
48840800
48965800
49090800
49215800
49340800
49465800
49590800
49715800
49840800
49965800
50090800
50215800
50340800
50465800
50590800
50715800
50840800
51090800
51215800
51340800
51465800
51590800
51715800
51840800
51965800
52090800
52215800
52340800
52465800
52590800
52715800
52840800
52965800
53090800
53215800
53340800
53465800
53590800
53715800
53840800
53965800
54090800
54215800
54340800
54465800
54590800
54715800
54840800
54965800
55090800
55215800
55340800
55465800
55590800
55715800
55840800
55965800
56090800
56215800
56340800
56465800
56590800
56715800
56840800
56965800
57090800
57215800
57465800
57590800
57715800
57840800
57965800
58090800
58215800
58340800
58465800
58590800
58715800
58840800
58965800
59090800
59215800
59340800
59465800
59590800
59715800
59840800
59965800
60090800
60215800
60340800
60465800
60590800
60715800
60840800
60965800
61090800
61215800
61340800
61465800
61590800
61715800
61840800
61965800
62090800
62215800
62340800
62465800
62590800
62715800
62840800
62965800
63090800
63215800
63340800
63465800
63590800
63715800
63965800
64090800
64215800
64340800
64465800
64590800
64715800
64840800
64965800
65090800
65215800
65340800
65465800
65590800
65715800
65840800
65965800
66090800
66215800
66340800
66465800
66590800
66715800
66840800
66965800
67090800
67215800
67340800
67465800
67590800
67715800
67840800
67965800
68090800
68215800
68340800
68465800
68590800
68715800
68840800
68965800
69090800
69215800
69340800
69465800
69590800
69715800
69840800
69965800
70090800
70340800
70465800
70590800
70715800
70840800
70965800
71090800
71215800
71340800
71465800
71590800
71715800
71840800
71965800
72090800
72215800
72340800
72465800
72590800
72715800
72840800
72965800
73090800
73215800
73340800
73465800
73590800
73715800
73840800
73965800
74090800
74215800
74340800
74465800
74590800
74715800
74840800
74965800
75090800
75215800
75340800
75465800
75590800
75715800
75840800
75965800
76090800
76215800
76340800
76465800
76590800
76840800
76965800
77090800
77215800
77340800
77465800
77590800
77715800
77840800
77965800
78090800
78215800
78340800
78465800
78590800
78715800
78840800
78965800
79090800
79215800
79340800
79465800
79590800
79715800
79840800
79965800
80090800
80215800
80340800
80465800
80590800
80715800
80840800
80965800
81090800
81215800
81340800
81465800
81590800
81715800
81840800
81965800
82090800
82215800
82340800
82465800
82590800
82715800
82840800
82965800
83215800
83340800
83465800
83590800
83715800
83840800
83965800
84090800
84215800
84340800
84465800
84590800
84715800
84840800
84965800
85090800
85215800
85340800
85465800
85590800
85715800
85840800
85965800
86090800
86215800
86340800
86465800
86590800
86715800
86840800
86965800
87090800
87215800
87340800
87465800
87590800
87715800
87840800
87965800
88090800
88215800
88340800
88465800
88590800
88715800
88840800
88965800
89090800
89215800
89340800
89465800
89715800
89840800
89965800
90090800
90215800
90340800
90465800
90590800
90715800
90840800
90965800
91090800
91215800
91340800
91465800
91590800
91715800
91840800
91965800
92090800
92215800
92340800
92465800
92590800
92715800
92840800
92965800
93090800
93215800
93340800
93465800
93590800
93715800
93840800
93965800
94090800
94215800
94340800
94465800
94590800
94715800
94840800
94965800
95090800
95215800
95340800
95465800
95590800
95715800
95840800
96090800
96215800
96340800
96465800
96590800
96715800
96840800
96965800
97090800
97215800
97340800
97465800
97590800
97715800
97840800
97965800
98090800
98215800
98340800
98465800
98590800
98715800
98840800
98965800
99090800
99215800
99340800
99465800
99590800
99715800
99840800
99965800
100090800
100215800
100340800
100465800
100590800
100715800
100840800
100965800
101090800
101215800
101340800
101465800
101590800
101715800
101840800
101965800
102090800
102215800
102340800
102590800
102715800
102840800
102965800
103090800
103215800
103340800
103465800
103590800
103715800
103840800
103965800
104090800
104215800
104340800
104465800
104590800
104715800
104840800
104965800
105090800
105215800
105340800
105465800
105590800
105715800
105840800
105965800
106090800
106215800
106340800
106465800
106590800
106715800
106840800
106965800
107090800
107215800
107340800
107465800
107590800
107715800
107840800
107965800
108090800
108215800
108340800
108465800
108590800
108715800
108965800
109090800
109215800
109340800
109465800
109590800
109715800
109840800
109965800
110090800
110215800
110340800
110465800
110590800
110715800
110840800
110965800
111090800
111215800
111340800
111465800
111590800
111715800
111840800
111965800
112090800
112215800
112340800
112465800
112590800
112715800
112840800
112965800
113090800
113215800
113340800
113465800
113590800
113715800
113840800
113965800
114090800
114215800
114340800
114465800
114590800
114715800
114840800
114965800
115090800
115215800
115465800
115590800
115715800
115840800
115965800
116090800
116215800
116340800
116465800
116590800
116715800
116840800
116965800
117090800
117215800
117340800
117465800
117590800
117715800
117840800
117965800
118090800
118215800
118340800
118465800
118590800
118715800
118840800
118965800
119090800
119215800
119340800
119465800
119590800
119715800
119840800
119965800
120090800
120215800
120340800
120465800
120590800
120715800
120840800
120965800
121090800
121215800
121340800
121465800
121590800
121840800
121965800
122090800
122215800
122340800
122465800
122590800
122715800
122840800
122965800
123090800
123215800
123340800
123465800
123590800
123715800
123840800
123965800
124090800
124215800
124340800
124465800
124590800
124715800
124840800
124965800
125090800
125215800
125340800
125465800
125590800
125715800
125840800
125965800
126090800
126215800
126340800
126465800
126590800
126715800
126840800
126965800
127090800
127215800
127340800
127465800
127590800
127715800
127840800
127965800
128090800
128340800
128465800
128590800
128715800
128840800
128965800
129090800
129215800
129340800
129465800
129590800
129715800
129840800
129965800
130090800
130215800
130340800
130465800
130590800
130715800
130840800
130965800
131090800
131215800
131340800
131465800
131590800
131715800
131840800
131965800
132090800
132215800
132340800
132465800
132590800
132715800
132840800
132965800
133090800
133215800
133340800
133465800
133590800
133715800
133840800
133965800
134090800
134215800
134340800
134465800
134590800
134840800
134965800
135090800
135215800
135340800
135465800
135590800
135715800
135840800
135965800
136090800
136215800
136340800
136465800
136590800
136715800
136840800
136965800
137090800
137215800
137340800
137465800
137590800
137715800
137840800
137965800
138090800
138215800
138340800
138465800
138590800
138715800
138840800
138965800
139090800
139215800
139340800
139465800
139590800
139715800
139840800
139965800
140090800
140215800
140340800
140465800
140590800
140715800
140840800
140965800
141215800
141340800
141465800
141590800
141715800
141840800
141965800
142090800
142215800
142340800
142465800
142590800
142715800
142840800
142965800
143090800
143215800
143340800
143465800
143590800
143715800
143840800
143965800
144090800
144215800
144340800
144465800
144590800
144715800
144840800
144965800
145090800
145215800
145340800
145465800
145590800
145715800
145840800
145965800
146090800
146215800
146340800
146465800
146590800
146715800
146840800
146965800
147090800
147215800
147340800
147465800
147715800
147840800
147965800
148090800
148215800
148340800
148465800
148590800
148715800
148840800
148965800
149090800
149215800
149340800
149465800
149590800
149715800
149840800
149965800
150090800
150215800
150340800
150465800
150590800
150715800
150840800
150965800
151090800
151215800
151340800
151465800
151590800
151715800
151840800
151965800
152090800
152215800
152340800
152465800
152590800
152715800
152840800
152965800
153090800
153215800
153340800
153465800
153590800
153715800
153840800
154090800
154215800
154340800
154465800
154590800
154715800
154840800
154965800
155090800
155215800
155340800
155465800
155590800
155715800
155840800
155965800
156090800
156215800
156340800
156465800
156590800
156715800
156840800
156965800
157090800
157215800
157340800
157465800
157590800
157715800
157840800
157965800
158090800
158215800
158340800
158465800
158590800
158715800
158840800
158965800
159090800
159215800
159340800
159465800
159590800
159715800
159840800
159965800
160090800
160215800
160340800
160590800
160715800
160840800
160965800
161090800
161215800
161340800
161465800
161590800
161715800
161840800
161965800
162090800
162215800
162340800
162465800
162590800
162715800
162840800
162965800
163090800
163215800
163340800
163465800
163590800
163715800
163840800
163965800
164090800
164215800
164340800
164465800
164590800
164715800
164840800
164965800
165090800
165215800
165340800
165465800
165590800
165715800
165840800
165965800
166090800
166215800
166340800
166465800
166590800
166715800
166965800
167090800
167215800
167340800
167465800
167590800
167715800
167840800
167965800
168090800
168215800
168340800
168465800
168590800
168715800
168840800
168965800
169090800
169215800
169340800
169465800
169590800
169715800
169840800
169965800
170090800
170215800
170340800
170465800
170590800
170715800
170840800
170965800
171090800
171215800
171340800
171465800
171590800
171715800
171840800
171965800
172090800
172215800
172340800
172465800
172590800
172715800
172840800
172965800
173090800
173215800
173465800
173590800
173715800
173840800
173965800
174090800
174215800
174340800
174465800
174590800
174715800
174840800
174965800
175090800
175215800
175340800
175465800
175590800
175715800
175840800
175965800
176090800
176215800
176340800
176465800
176590800
176715800
176840800
176965800
177090800
177215800
177340800
177465800
177590800
177715800
177840800
177965800
178090800
178215800
178340800
178465800
178590800
178715800
178840800
178965800
179090800
179215800
179340800
179465800
179590800
179840800
179965800
180090800
180215800
180340800
180465800
180590800
180715800
180840800
180965800
181090800
181215800
181340800
181465800
181590800
181715800
181840800
181965800
182090800
182215800
182340800
182465800
182590800
182715800
182840800
182965800
183090800
183215800
183340800
183465800
183590800
183715800
183840800
183965800
184090800
184215800
184340800
184465800
184590800
184715800
184840800
184965800
185090800
185215800
185340800
185465800
185590800
185715800
185840800
185965800
186215800
186340800
186465800
186590800
186715800
186840800
186965800
187090800
187215800
187340800
187465800
187590800
187715800
187840800
187965800
188090800
188215800
188340800
188465800
188590800
188715800
188840800
188965800
189090800
189215800
189340800
189465800
189590800
189715800
189840800
189965800
190090800
190215800
190340800
190465800
190590800
190715800
190840800
190965800
191090800
191215800
191340800
191465800
191590800
191715800
191840800
191965800
192090800
192215800
192340800
192465800
192715800
192840800
192965800
193090800
193215800
193340800
193465800
193590800
193715800
193840800
193965800
194090800
194215800
194340800
194465800
194590800
194715800
194840800
194965800
195090800
195215800
195340800
195465800
195590800
195715800
195840800
195965800
196090800
196215800
196340800
196465800
196590800
196715800
196840800
196965800
197090800
197215800
197340800
197465800
197590800
197715800
197840800
197965800
198090800
198215800
198340800
198465800
198590800
198715800
198840800
199090800
199215800
199340800
199465800
199590800
199715800
199840800
199965800
200090800
200215800
200340800
200465800
200590800
200715800
200840800
200965800
201090800
201215800
201340800
201465800
201590800
201715800
201840800
201965800
202090800
202215800
202340800
202465800
202590800
202715800
202840800
202965800
203090800
203215800
203340800
203465800
203590800
203715800
203840800
203965800
204090800
204215800
204340800
204465800
204590800
204715800
204840800
204965800
205090800
205215800
205340800
205590800
205715800
205840800
205965800
206090800
206215800
206340800
206465800
206590800
206715800
206840800
206965800
207090800
207215800
207340800
207465800
207590800
207715800
207840800
207965800
208090800
208215800
208340800
208465800
208590800
208715800
208840800
208965800
209090800
209215800
209340800
209465800
209590800
209715800
209840800
209965800
210090800
210215800
210340800
210465800
210590800
210715800
210840800
210965800
211090800
211215800
211340800
211465800
211590800
211715800
211965800
212090800
212215800
212340800
212465800
212590800
212715800
212840800
212965800
213090800
213215800
213340800
213465800
213590800
213715800
213840800
213965800
214090800
214215800
214340800
214465800
214590800
214715800
214840800
214965800
215090800
215215800
215340800
215465800
215590800
215715800
215840800
215965800
216090800
216215800
216340800
216465800
216590800
216715800
216840800
216965800
217090800
217215800
217340800
217465800
217590800
217715800
217840800
217965800
218090800
218215800
218465800
218590800
218715800
218840800
218965800
219090800
219215800
219340800
219465800
219590800
219715800
219840800
219965800
220090800
220215800
220340800
220465800
220590800
220715800
220840800
220965800
221090800
221215800
221340800
221465800
221590800
221715800
221840800
221965800
222090800
222215800
222340800
222465800
222590800
222715800
222840800
222965800
223090800
223215800
223340800
223465800
223590800
223715800
223840800
223965800
224090800
224215800
224340800
224465800
224590800
224840800
224965800
225090800
225215800
225340800
225465800
225590800
225715800
225840800
225965800
226090800
226215800
226340800
226465800
226590800
226715800
226840800
226965800
227090800
227215800
227340800
227465800
227590800
227715800
227840800
227965800
228090800
228215800
228340800
228465800
228590800
228715800
228840800
228965800
229090800
229215800
229340800
229465800
229590800
229715800
229840800
229965800
230090800
230215800
230340800
230465800
230590800
230715800
230840800
230965800
231090800
231340800
231465800
231590800
231715800
231840800
231965800
232090800
232215800
232340800
232465800
232590800
232715800
232840800
232965800
233090800
233215800
233340800
233465800
233590800
233715800
233840800
233965800
234090800
234215800
234340800
234465800
234590800
234715800
234840800
234965800
235090800
235215800
235340800
235465800
235590800
235715800
235840800
235965800
236090800
236215800
236340800
236465800
236590800
236715800
236840800
236965800
237090800
237215800
237340800
237465800
237715800
237840800
237965800
238090800
238215800
238340800
238465800
238590800
238715800
238840800
238965800
239090800
239215800
239340800
239465800
239590800
239715800
239840800
239965800
240090800
240215800
240340800
240465800
240590800
240715800
240840800
240965800
241090800
241215800
241340800
241465800
241590800
241715800
241840800
241965800
242090800
242215800
242340800
242465800
242590800
242715800
242840800
242965800
243090800
243215800
243340800
243465800
243590800
243715800
243840800
243965800
244215800
244340800
244465800
244590800
244715800
244840800
244965800
245090800
245215800
245340800
245465800
245590800
245715800
245840800
245965800
246090800
246215800
246340800
246465800
246590800
246715800
246840800
246965800
247090800
247215800
247340800
247465800
247590800
247715800
247840800
247965800
248090800
248215800
248340800
248465800
248590800
248715800
248840800
248965800
249090800
249215800
249340800
249465800
249590800
249715800
249840800
249965800
250090800
250215800
250340800
250590800
250715800
250840800
250965800
251090800
251215800
251340800
251465800
251590800
251715800
251840800
251965800
252090800
252215800
252340800
252465800
252590800
252715800
252840800
252965800
253090800
253215800
253340800
253465800
253590800
253715800
253840800
253965800
254090800
254215800
254340800
254465800
254590800
254715800
254840800
254965800
255090800
255215800
255340800
255465800
255590800
255715800
255840800
255965800
256090800
256215800
256340800
256465800
256590800
256715800
256840800
257090800
257215800
257340800
257465800
257590800
257715800
257840800
257965800
258090800
258215800
258340800
258465800
258590800
258715800
258840800
258965800
259090800
259215800
259340800
259465800
259590800
259715800
259840800
259965800
260090800
260215800
260340800
260465800
260590800
260715800
260840800
260965800
261090800
261215800
261340800
261465800
261590800
261715800
261840800
261965800
262090800
262215800
262340800
262465800
262590800
262715800
262840800
262965800
263090800
263215800
263465800
263590800
263715800
263840800
263965800
264090800
264215800
264340800
264465800
264590800
264715800
264840800
264965800
265090800
265215800
265340800
265465800
265590800
265715800
265840800
265965800
266090800
266215800
266340800
266465800
266590800
266715800
266840800
266965800
267090800
267215800
267340800
267465800
267590800
267715800
267840800
267965800
268090800
268215800
268340800
268465800
268590800
268715800
268840800
268965800
269090800
269215800
269340800
269465800
269590800
269715800
269965800
270090800
270215800
270340800
270465800
270590800
270715800
270840800
270965800
271090800
271215800
271340800
271465800
271590800
271715800
271840800
271965800
272090800
272215800
272340800
272465800
272590800
272715800
272840800
272965800
273090800
273215800
273340800
273465800
273590800
273715800
273840800
273965800
274090800
274215800
274340800
274465800
274590800
274715800
274840800
274965800
275090800
275215800
275340800
275465800
275590800
275715800
275840800
275965800
276090800
276340800
276465800
276590800
276715800
276840800
276965800
277090800
277215800
277340800
277465800
277590800
277715800
277840800
277965800
278090800
278215800
278340800
278465800
278590800
278715800
278840800
278965800
279090800
279215800
279340800
279465800
279590800
279715800
279840800
279965800
280090800
280215800
280340800
280465800
280590800
280715800
280840800
280965800
281090800
281215800
281340800
281465800
281590800
281715800
281840800
281965800
282090800
282215800
282340800
282465800
282590800
282840800
282965800
283090800
283215800
283340800
283465800
283590800
283715800
283840800
283965800
284090800
284215800
284340800
284465800
284590800
284715800
284840800
284965800
285090800
285215800
285340800
285465800
285590800
285715800
285840800
285965800
286090800
286215800
286340800
286465800
286590800
286715800
286840800
286965800
287090800
287215800
287340800
287465800
287590800
287715800
287840800
287965800
288090800
288215800
288340800
288465800
288590800
288715800
288840800
288965800
289215800
289340800
289465800
289590800
289715800
289840800
289965800
290090800
290215800
290340800
290465800
290590800
290715800
290840800
290965800
291090800
291215800
291340800
291465800
291590800
291715800
291840800
291965800
292090800
292215800
292340800
292465800
292590800
292715800
292840800
292965800
293090800
293215800
293340800
293465800
293590800
293715800
293840800
293965800
294090800
294215800
294340800
294465800
294590800
294715800
294840800
294965800
295090800
295215800
295340800
295465800
295715800
295840800
295965800
296090800
296215800
296340800
296465800
296590800
296715800
296840800
296965800
297090800
297215800
297340800
297465800
297590800
297715800
297840800
297965800
298090800
298215800
298340800
298465800
298590800
298715800
298840800
298965800
299090800
299215800
299340800
299465800
299590800
299715800
299840800
299965800
300090800
300215800
300340800
300465800
300590800
300715800
300840800
300965800
301090800
301215800
301340800
301465800
301590800
301715800
301840800
302090800
302215800
302340800
302465800
302590800
302715800
302840800
302965800
303090800
303215800
303340800
303465800
303590800
303715800
303840800
303965800
304090800
304215800
304340800
304465800
304590800
304715800
304840800
304965800
305090800
305215800
305340800
305465800
305590800
305715800
305840800
305965800
306090800
306215800
306340800
306465800
306590800
306715800
306840800
306965800
307090800
307215800
307340800
307465800
307590800
307715800
307840800
307965800
308090800
308215800
308340800
308590800
308715800
308840800
308965800
309090800
309215800
309340800
309465800
309590800
309715800
309840800
309965800
310090800
310215800
310340800
310465800
310590800
310715800
310840800
310965800
311090800
311215800
311340800
311465800
311590800
311715800
311840800
311965800
312090800
312215800
312340800
312465800
312590800
312715800
312840800
312965800
313090800
313215800
313340800
313465800
313590800
313715800
313840800
313965800
314090800
314215800
314340800
314465800
314590800
314715800
314965800
315090800
315215800
315340800
315465800
315590800
315715800
315840800
315965800
316090800
316215800
316340800
316465800
316590800
316715800
316840800
316965800
317090800
317215800
317340800
317465800
317590800
317715800
317840800
317965800
318090800
318215800
318340800
318465800
318590800
318715800
318840800
318965800
319090800
319215800
319340800
319465800
319590800
319715800
319840800
319965800
320090800
320215800
320340800
320465800
320590800
320715800
320840800
320965800
321090800
321215800
321465800
321590800
321715800
321840800
321965800
322090800
322215800
322340800
322465800
322590800
322715800
322840800
322965800
323090800
323215800
323340800
323465800
323590800
323715800
323840800
323965800
324090800
324215800
324340800
324465800
324590800
324715800
324840800
324965800
325090800
325215800
325340800
325465800
325590800
325715800
325840800
325965800
326090800
326215800
326340800
326465800
326590800
326715800
326840800
326965800
327090800
327215800
327340800
327465800
327590800
327840800
327965800
328090800
328215800
328340800
328465800
328590800
328715800
328840800
328965800
329090800
329215800
329340800
329465800
329590800
329715800
329840800
329965800
330090800
330215800
330340800
330465800
330590800
330715800
330840800
330965800
331090800
331215800
331340800
331465800
331590800
331715800
331840800
331965800
332090800
332215800
332340800
332465800
332590800
332715800
332840800
332965800
333090800
333215800
333340800
333465800
333590800
333715800
333840800
333965800
334090800
334340800
334465800
334590800
334715800
334840800
334965800
335090800
335215800
335340800
335465800
335590800
335715800
335840800
335965800
336090800
336215800
336340800
336465800
336590800
336715800
336840800
336965800
337090800
337215800
337340800
337465800
337590800
337715800
337840800
337965800
338090800
338215800
338340800
338465800
338590800
338715800
338840800
338965800
339090800
339215800
339340800
339465800
339590800
339715800
339840800
339965800
340090800
340215800
340340800
340465800
340715800
340840800
340965800
341090800
341215800
341340800
341465800
341590800
341715800
341840800
341965800
342090800
342215800
342340800
342465800
342590800
342715800
342840800
342965800
343090800
343215800
343340800
343465800
343590800
343715800
343840800
343965800
344090800
344215800
344340800
344465800
344590800
344715800
344840800
344965800
345090800
345215800
345340800
345465800
345590800
345715800
345840800
345965800
346090800
346215800
346340800
346465800
346590800
346715800
346840800
346965800
347215800
347340800
347465800
347590800
347715800
347840800
347965800
348090800
348215800
348340800
348465800
348590800
348715800
348840800
348965800
349090800
349215800
349340800
349465800
349590800
349715800
349840800
349965800
350090800
350215800
350340800
350465800
350590800
350715800
350840800
350965800
351090800
351215800
351340800
351465800
351590800
351715800
351840800
351965800
352090800
352215800
352340800
352465800
352590800
352715800
352840800
352965800
353090800
353215800
353340800
353590800
353715800
353840800
353965800
354090800
354215800
354340800
354465800
354590800
354715800
354840800
354965800
355090800
355215800
355340800
355465800
355590800
355715800
355840800
355965800
356090800
356215800
356340800
356465800
356590800
356715800
356840800
356965800
357090800
357215800
357340800
357465800
357590800
357715800
357840800
357965800
358090800
358215800
358340800
358465800
358590800
358715800
358840800
358965800
359090800
359215800
359340800
359465800
359590800
359715800
359840800
360090800
360215800
360340800
360465800
360590800
360715800
360840800
360965800
361090800
361215800
361340800
361465800
361590800
361715800
361840800
361965800
362090800
362215800
362340800
362465800
362590800
362715800
362840800
362965800
363090800
363215800
363340800
363465800
363590800
363715800
363840800
363965800
364090800
364215800
364340800
364465800
364590800
364715800
364840800
364965800
365090800
365215800
365340800
365465800
365590800
365715800
365840800
365965800
366090800
366215800
366465800
366590800
366715800
366840800
366965800
367090800
367215800
367340800
367465800
367590800
367715800
367840800
367965800
368090800
368215800
368340800
368465800
368590800
368715800
368840800
368965800
369090800
369215800
369340800
369465800
369590800
369715800
369840800
369965800
370090800
370215800
370340800
370465800
370590800
370715800
370840800
370965800
371090800
371215800
371340800
371465800
371590800
371715800
371840800
371965800
372090800
372215800
372340800
372465800
372590800
372715800
372965800
373090800
373215800
373340800
373465800
373590800
373715800
373840800
373965800
374090800
374215800
374340800
374465800
374590800
374715800
374840800
374965800
375090800
375215800
375340800
375465800
375590800
375715800
375840800
375965800
376090800
376215800
376340800
376465800
376590800
376715800
376840800
376965800
377090800
377215800
377340800
377465800
377590800
377715800
377840800
377965800
378090800
378215800
378340800
378465800
378590800
378715800
378840800
378965800
379090800
379340800
379465800
379590800
379715800
379840800
379965800
380090800
380215800
380340800
380465800
380590800
380715800
380840800
380965800
381090800
381215800
381340800
381465800
381590800
381715800
381840800
381965800
382090800
382215800
382340800
382465800
382590800
382715800
382840800
382965800
383090800
383215800
383340800
383465800
383590800
383715800
383840800
383965800
384090800
384215800
384340800
384465800
384590800
384715800
384840800
384965800
385090800
385215800
385340800
385465800
385590800
385840800
385965800
386090800
386215800
386340800
386465800
386590800
386715800
386840800
386965800
387090800
387215800
387340800
387465800
387590800
387715800
387840800
387965800
388090800
388215800
388340800
388465800
388590800
388715800
388840800
388965800
389090800
389215800
389340800
389465800
389590800
389715800
389840800
389965800
390090800
390215800
390340800
390465800
390590800
390715800
390840800
390965800
391090800
391215800
391340800
391465800
391590800
391715800
391840800
391965800
392215800
392340800
392465800
392590800
392715800
392840800
392965800
393090800
393215800
393340800
393465800
393590800
393715800
393840800
393965800
394090800
394215800
394340800
394465800
394590800
394715800
394840800
394965800
395090800
395215800
395340800
395465800
395590800
395715800
395840800
395965800
396090800
396215800
396340800
396465800
396590800
396715800
396840800
396965800
397090800
397215800
397340800
397465800
397590800
397715800
397840800
397965800
398090800
398215800
398340800
398465800
398715800
398840800
398965800
399090800
399215800
399340800
399465800
399590800
399715800
399840800
399965800
400090800
400215800
400340800
400465800
400590800
400715800
400840800
400965800
401090800
401215800
401340800
401465800
401590800
401715800
401840800
401965800
402090800
402215800
402340800
402465800
402590800
402715800
402840800
402965800
403090800
403215800
403340800
403465800
403590800
403715800
403840800
403965800
404090800
404215800
404340800
404465800
404590800
404715800
404840800
405090800
405215800
405340800
405465800
405590800
405715800
405840800
405965800
406090800
406215800
406340800
406465800
406590800
406715800
406840800
406965800
407090800
407215800
407340800
407465800
407590800
407715800
407840800
407965800
408090800
408215800
408340800
408465800
408590800
408715800
408840800
408965800
409090800
409215800
409340800
409465800
409590800
409715800
409840800
409965800
410090800
410215800
410340800
410465800
410590800
410715800
410840800
410965800
411090800
411215800
411340800
411590800
411715800
411840800
411965800
412090800
412215800
412340800
412465800
412590800
412715800
412840800
412965800
413090800
413215800
413340800
413465800
413590800
413715800
413840800
413965800
414090800
414215800
414340800
414465800
414590800
414715800
414840800
414965800
415090800
415215800
415340800
415465800
415590800
415715800
415840800
415965800
416090800
416215800
416340800
416465800
416590800
416715800
416840800
416965800
417090800
417215800
417340800
417465800
417590800
417715800
417965800
418090800
418215800
418340800
418465800
418590800
418715800
418840800
418965800
419090800
419215800
419340800
419465800
419590800
419715800
419840800
419965800
420090800
420215800
420340800
420465800
420590800
420715800
420840800
420965800
421090800
421215800
421340800
421465800
421590800
421715800
421840800
421965800
422090800
422215800
422340800
422465800
422590800
422715800
422840800
422965800
423090800
423215800
423340800
423465800
423590800
423715800
423840800
423965800
424090800
424215800
424465800
424590800
424715800
424840800
424965800
425090800
425215800
425340800
425465800
425590800
425715800
425840800
425965800
426090800
426215800
426340800
426465800
426590800
426715800
426840800
426965800
427090800
427215800
427340800
427465800
427590800
427715800
427840800
427965800
428090800
428215800
428340800
428465800
428590800
428715800
428840800
428965800
429090800
429215800
429340800
429465800
429590800
429715800
429840800
429965800
430090800
430215800
430340800
430465800
430590800
430840800
430965800
431090800
431215800
431340800
431465800
431590800
431715800
431840800
431965800
432090800
432215800
432340800
432465800
432590800
432715800
432840800
432965800
433090800
433215800
433340800
433465800
433590800
433715800
433840800
433965800
434090800
434215800
434340800
434465800
434590800
434715800
434840800
434965800
435090800
435215800
435340800
435465800
435590800
435715800
435840800
435965800
436090800
436215800
436340800
436465800
436590800
436715800
436840800
436965800
437090800
437340800
437465800
437590800
437715800
437840800
437965800
438090800
438215800
438340800
438465800
438590800
438715800
438840800
438965800
439090800
439215800
439340800
439465800
439590800
439715800
439840800
439965800
440090800
440215800
440340800
440465800
440590800
440715800
440840800
440965800
441090800
441215800
441340800
441465800
441590800
441715800
441840800
441965800
442090800
442215800
442340800
442465800
442590800
442715800
442840800
442965800
443090800
443215800
443340800
443465800
443715800
443840800
443965800
444090800
444215800
444340800
444465800
444590800
444715800
444840800
444965800
445090800
445215800
445340800
445465800
445590800
445715800
445840800
445965800
446090800
446215800
446340800
446465800
446590800
446715800
446840800
446965800
447090800
447215800
447340800
447465800
447590800
447715800
447840800
447965800
448090800
448215800
448340800
448465800
448590800
448715800
448840800
448965800
449090800
449215800
449340800
449465800
449590800
449715800
449840800
449965800
450215800
450340800
450465800
450590800
450715800
450840800
450965800
451090800
451215800
451340800
451465800
451590800
451715800
451840800
451965800
452090800
452215800
452340800
452465800
452590800
452715800
452840800
452965800
453090800
453215800
453340800
453465800
453590800
453715800
453840800
453965800
454090800
454215800
454340800
454465800
454590800
454715800
454840800
454965800
455090800
455215800
455340800
455465800
455590800
455715800
455840800
455965800
456090800
456215800
456340800
456590800
456715800
456840800
456965800
457090800
457215800
457340800
457465800
457590800
457715800
457840800
457965800
458090800
458215800
458340800
458465800
458590800
458715800
458840800
458965800
459090800
459215800
459340800
459465800
459590800
459715800
459840800
459965800
460090800
460215800
460340800
460465800
460590800
460715800
460840800
460965800
461090800
461215800
461340800
461465800
461590800
461715800
461840800
461965800
462090800
462215800
462340800
462465800
462590800
462715800
462840800
463090800
463215800
463340800
463465800
463590800
463715800
463840800
463965800
464090800
464215800
464340800
464465800
464590800
464715800
464840800
464965800
465090800
465215800
465340800
465465800
465590800
465715800
465840800
465965800
466090800
466215800
466340800
466465800
466590800
466715800
466840800
466965800
467090800
467215800
467340800
467465800
467590800
467715800
467840800
467965800
468090800
468215800
468340800
468465800
468590800
468715800
468840800
468965800
469090800
469215800
469465800
469590800
469715800
469840800
469965800
470090800
470215800
470340800
470465800
470590800
470715800
470840800
470965800
471090800
471215800
471340800
471465800
471590800
471715800
471840800
471965800
472090800
472215800
472340800
472465800
472590800
472715800
472840800
472965800
473090800
473215800
473340800
473465800
473590800
473715800
473840800
473965800
474090800
474215800
474340800
474465800
474590800
474715800
474840800
474965800
475090800
475215800
475340800
475465800
475590800
475715800
475965800
476090800
476215800
476340800
476465800
476590800
476715800
476840800
476965800
477090800
477215800
477340800
477465800
477590800
477715800
477840800
477965800
478090800
478215800
478340800
478465800
478590800
478715800
478840800
478965800
479090800
479215800
479340800
479465800
479590800
479715800
479840800
479965800
480090800
480215800
480340800
480465800
480590800
480715800
480840800
480965800
481090800
481215800
481340800
481465800
481590800
481715800
481840800
481965800
482090800
482340800
482465800
482590800
482715800
482840800
482965800
483090800
483215800
483340800
483465800
483590800
483715800
483840800
483965800
484090800
484215800
484340800
484465800
484590800
484715800
484840800
484965800
485090800
485215800
485340800
485465800
485590800
485715800
485840800
485965800
486090800
486215800
486340800
486465800
486590800
486715800
486840800
486965800
487090800
487215800
487340800
487465800
487590800
487715800
487840800
487965800
488090800
488215800
488340800
488465800
488590800
488840800
488965800
489090800
489215800
489340800
489465800
489590800
489715800
489840800
489965800
490090800
490215800
490340800
490465800
490590800
490715800
490840800
490965800
491090800
491215800
491340800
491465800
491590800
491715800
491840800
491965800
492090800
492215800
492340800
492465800
492590800
492715800
492840800
492965800
493090800
493215800
493340800
493465800
493590800
493715800
493840800
493965800
494090800
494215800
494340800
494465800
494590800
494715800
494840800
494965800
495215800
495340800
495465800
495590800
495715800
495840800
495965800
496090800
496215800
496340800
496465800
496590800
496715800
496840800
496965800
497090800
497215800
497340800
497465800
497590800
497715800
497840800
497965800
498090800
498215800
498340800
498465800
498590800
498715800
498840800
498965800
499090800
499215800
499340800
499465800
499590800
499715800
499840800
499965800
500090800
500215800
500340800
500465800
500590800
500715800
500840800
500965800
501090800
501215800
501340800
501465800
501715800
501840800
501965800
502090800
502215800
502340800
502465800
502590800
502715800
502840800
502965800
503090800
503215800
503340800
503465800
