880453082
1192146952
4097837523
3223211022
3744303151
4077999213
1334198224
631305018
524387659
763021211
1073121803
2814642983
2597916746
3847676895
3222610286
523213888
3845690417
1050544878
704743466
3165227891
322098215
3559293338
2732375269
2047834334
1838752156
1200523642
2219156457
3108029569
28256386
3744530593
2210293334
3507386605
3482653045
4061480780
1478723412
1211227126
1455143408
3789368208
2635493181
2117297503
1079296635
1656265485
3027381459
2187385742
3887936220
3511540378
1706503276
3636090428
2163635271
1454441467
4219446564
3974555424
2635096460
2589362571
2666232845
4078676134
3432394058
3254157295
2970770782
4145345177
537517596
2139712966
3799370659
3640816855
1178869963
788029783
193718615
3525142146
2013786109
3607525209
4203060509
3836716842
544255924
895263519
1391113694
342495376
1844453329
3521434061
1413407163
2489027085
119224017
2254487573
794715697
603080118
4079596636
2942523807
735818440
3443380495
3351230214
3197497047
1525308168
2841404729
2598207481
3592968222
3092473132
3270380834
1120992426
1648512763
2036448976
3598737846
2753484425
1886764363
1238669217
2969541646
3447376045
2233909872
919429646
3962092960
2712861576
2936352385
130234871
3371798130
3483379349
2558014331
3312480607
3894096197
3625596938
1460341874
784270105
2690387401
3789570691
3102104253
3687033721
3004551369
462319802
3493067049
3466487559
513950305
1804386094
2090272042
846731050
3469455912
771570651
2996821512
141298907
3946559844
3232861157
1093392913
2188982614
2213155639
2635102025
3572068809
3430008007
1536248529
3222420111
4189692185
48810747
2417491873
539385463
3659873919
405405203
3775102850
4046181804
3197438015
3959878552
2994530777
1140282076
3981821202
2880985526
1139553990
598740050
385436368
876780011
280856806
4224678149
1542500636
1573215881
3559538196
761830479
3562886663
1367991794
1319890386
3014154466
3650136774
1747394358
671265174
3862375961
2751739549
2465743175
3678309627
2606222635
3841706505
1344518410
3778079401
4023798486
670023658
26789381
3101278342
486332178
4060230840
838270222
2379680230
478198468
1601106861
2273538303
1020876729
3664796517
4277262845
622215523
1980708542
3039364283
2873520125
956976933
3180669872
188889221
579565658
3153516354
2395933153
4127962904
3914819506
3231992
3083067891
2813959182
2609576361
1035035122
2801667587
1670968717
3080351614
2886808280
4042474396
1459977454
2884872889
1758021630
3854578034
3551663246
1910746919
1671666073
3944762132
2467967746
2525788547
1764262375
609770135
4159669314
1909783596
185483624
673880142
227180765
1263731152
648927493
2227308657
90028839
759674401
3379427913
3517570773
4066484841
629052545
859032969
263432343
2189786131
3025042611
3067432473
384760782
1981960937
695971215
948567162
3533008185
2506464308
2939315625
2380375692
2556007620
2863677858
458044604
3702171019
3344308034
1514930554
2037898779
1408983316
986457369
4183211266
342847837
1015776204
4262695726
991400722
3671460849
730812056
802136493
667933354
2010079661
590305117
2950687677
3559281183
4025612150
1357806380
2605620526
2526676043
3963028467
706995827
1447210538
2062787517
1928246844
2791437103
3824018660
3014532073
3467158156
1475190043
1283218761
3379632220
1663767789
573131740
3506984623
1215906276
1914898924
2435430305
2267837961
454930758
3839621212
2337901761
3704933629
3389219772
3309659926
23314164
3073630758
3666742234
387375021
166768485
621993879
3641726636
421820788
1225617450
2462690324
2706489095
463687917
4126708228
4102559975
1769619328
1553485813
2768576525
4190436623
990599458
38390778
1603690855
1051494002
2579775509
4087921190
3389595887
999719179
412872277
1321875854
396770028
2993574936
2628312159
1028731754
2358325436
1512731985
236330978
3873362234
1304134282
2285179407
924233837
1099335934
1053724408
2548280964
2429260322
2151120740
2921511122
3487529702
3191514723
3744858103
2393412285
2241535647
1967121030
2390674254
4292792554
1053014401
2507517055
2051210048
3820929216
3530414835
1884234240
2331683733
2982004239
1569233460
1985341998
2132755626
4058544041
3554028834
2560492752
1517553985
912736474
1921809386
3516724456
747070943
3562656674
1261134514
806709476
2518867864
3873968908
2498269577
2652047191
59369535
438304583
447800957
1668502544
2809898513
499673562
1019972558
2251678384
1653965157
2060449624
2090549431
357524160
684901053
270751433
3641340812
629520350
591881456
268121326
2086064408
3420236086
3356940003
826641771
1660973379
4127724979
6112050
2669146620
4039043529
3772612139
472194532
1713211297
862455527
3971786132
1414576151
537688526
2481646091
2416510767
2593167798
2635178910
3040038534
664068797
2001756451
1262366468
1093121081
1695653547
3047549162
469821939
1670066247
461324355
2638508912
2810712473
3002835907
698268126
2053676197
1312904070
1204951141
1113640721
869061042
406701280
3240362803
1397903073
2928938665
312774548
4154666295
1226073069
3225461301
3945207172
513278506
4056267428
1855764300
2305771957
315491625
3178315123
1034970332
1720385414
2542021473
478619377
2373256062
3880252480
2683064239
165960833
2824677024
3465400533
474946122
3802351205
2922580922
2185341196
1095549712
2557718863
3978152405
1739251825
2412139816
99347479
3873006915
808450832
506402775
2961222827
1009418951
3394042920
3405399215
3631393221
2521649358
2156063449
1292391360
2528950935
1315333784
105004245
3793526216
3372498046
2465159531
853862158
1531319392
2341371567
3408709570
714200168
1196806194
19330025
4170553983
3040313962
4216075555
689367589
3595451416
2205582315
952593542
2199095366
1989117385
563456451
846722381
1093521863
504898244
1483313534
2928282165
3351212140
497166688
3159317000
119381498
996213750
1766632008
706100829
3366956422
3705059275
2920215985
4059158076
2928388128
4076658350
2770753152
1885650135
3175001499
45896810
1703543683
3577437566
990143114
352085379
1935148700
3631326806
1178147436
3398237416
1296357876
489120003
3385268189
4263172000
940342057
43184476
3512705736
956465894
1718822761
1887988867
3732951571
271737437
4108786598
3251977600
1775524685
596067269
2940321626
3641303887
582234817
78866531
3878871211
659815186
719757215
3732965955
3691881922
4042334604
2290745267
2420014952
1539005306
2946734409
3859370259
3342209784
2443667983
1393985238
1611579853
3591820400
3283169230
525894380
560563610
174496978
3172630982
3913564835
2366288267
1073056213
2809762424
1895372189
3052068283
1917333270
296222341
2588015166
3841871103
202292553
3836919649
1124599763
3978844822
3029065572
113886209
2009657035
220392918
1527516630
1815211914
3321712352
527872993
1079318450
1446133254
1821418312
3630620497
3188892128
2147864334
709526762
3521129964
2353421390
4190803580
1782841992
628159566
1153150240
1903391517
2388119283
1412165534
3832844767
2847173471
394921273
1017290046
186283689
3740848129
1820672724
3738425463
3094266722
3662349508
4261402589
4024073774
3433030477
3503956487
1456406438
3733091341
1621558467
2267007608
968316625
1947919798
2972522082
2920586070
3653442271
2742944335
3773295102
3240812060
4103235046
3293601331
1801388890
3851493202
441708933
1953149988
4226004188
1923732158
61820566
927898744
846537277
410078612
3048956634
2476145227
381151540
1677383332
870837421
1851842223
4175638573
1640991885
2146356404
1690804698
2159336179
510779882
2814956941
3813274202
2857936228
3300618116
2711085442
3141376576
1902371870
442293379
3046895155
4131633748
3921324850
440310939
907869772
2813279043
2256935635
1828602941
1163952434
2080453840
1327927810
2136486601
1771503794
3326872322
3256387398
4137046716
2932790452
3417178455
636667733
1124315103
383622378
213517298
139188678
274244476
391528574
1290626764
2863483843
1412388486
3849925573
404314851
495427767
3127990737
1344324587
2245581162
3374098687
801510461
3887081640
4211000570
611384983
2345453288
3102810199
127038383
668834364
4229924060
2951304233
3631938902
2640295418
1538912443
1564477919
859026482
1533512007
141429458
1663109932
1111650087
834081068
1957835591
1652443390
3003271433
3553587138
2944539593
478403749
3432119630
2707411038
4200021824
1375796999
1958619837
213230021
756522879
551466449
3808443424
1597171286
2818672882
2676946596
3244209905
2612222528
2476809293
1987641416
2070065164
1057304495
784293440
929933784
2064524893
2656575741
3930885410
856909815
331416469
2745604319
324566181
2354628605
3677651667
2821566618
3405559684
1239621925
811580762
752469040
206448436
629160900
2960071997
817192081
2152530324
3650596465
1505064464
3847958473
3755457690
2895294778
479560603
2171074354
2744305672
4200015569
2591395460
4041333669
3252931865
2075171775
3534944006
599013285
987247664
197262227
2106221980
3122163608
1944170636
811319416
865916063
2628178518
73019250
2052709106
3642019317
2720380749
509934941
2021971720
1121862488
1340040712
636316557
2180327225
1553836030
2079848935
3018398136
819469106
1341452136
492686612
1069915961
1096623236
1425316247
700274736
2261985857
1587937615
546182455
1097685000
1908397316
2646248695
2969778133
3915381058
939356400
1718810320
945130503
319998477
2167769045
2322407120
3836884387
2994614738
1152996122
1241307199
1189751790
570961634
653486314
118674021
383551943
342956586
349429607
1715005245
367506398
3569627358
3712067033
2642055203
3478590685
2487788590
2290996187
2975219843
4141559710
2255548145
769568400
1605265038
619693912
2328572249
111354832
2025443812
2974866896
619795105
2147580759
1710309446
1802061702
2189011135
172490232
2667761735
4039611883
1323558415
1717129931
3434879486
2739476363
1487671667
181190882
3373690157
311433556
2102667528
96483159
45104487
2515438144
2640560216
2568605578
1564761208
1545656186
3421712511
1139240946
2000503481
942382288
3492340093
2694633248
3002226042
3752185320
797256540
1852779012
569061962
1973382819
2721293499
4131923931
1263585572
1318531276
3497242621
498397928
1347980448
1113790407
1309572732
3889315612
783906853
1277747775
2479114679
608609996
3776490518
944110045
3065873027
204006749
494690310
541501680
2650322489
2364585973
1908009698
1959745057
1975183849
24060974
2112069927
1435731493
553855881
414508225
213862671
4148126567
1761155362
2869279801
3392136385
3614215103
2857836037
1019964837
1470599809
2123293722
3236111863
4018215745
2123973347
2414096948
4040787556
2695351086
1088816374
3882564670
2388450699
4138848797
2270210167
2244488852
585672628
468968449
770274817
171902829
3502197337
3885599423
780188989
2057095303
3025950044
881902301
2836723984
422063835
64993842
1748926001
3446099510
604511952
2692447488
1526573718
2807707366
2165063645
3656644405
583709995
2135638893
3177544532
891180681
1001631515
2386565530
4105791268
4213886068
3408702403
1749698559
2238111266
898096017
1834560573
3799539434
3220375353
47917642
1803446672
3334553106
343675545
2582641548
1349432545
368797764
2116381927
3130920311
2600185250
2546212124
3968542830
1288281609
1315311044
2021193899
1798462544
3980482005
550620130
3038697773
3337894321
683530413
128799608
358140601
1903531758
617135189
3794506511
1934932205
1653518535
1991222580
27959404
297445026
3082871188
3899869441
1344910018
3214945179
3517320815
3954710389
3568775907
2323052594
2942274156
2058766587
1441046892
3187154701
1208233920
657003357
3660321529
4062045388
2719313656
390120570
3329032788
3876050357
1760039975
2962064113
1515403428
4009091434
3223093779
2969007314
1254919068
2788179096
352789355
1973816399
980627887
3103770786
2921845232
1908292203
1424650404
2488874052
1125130668
2621273765
3005424853
1696253226
1257104640
2659995824
2552024177
1387172772
2135081647
430896488
3031161249
3067027659
2809361079
1047268431
3394520509
1550842328
1571080886
1254066978
2518163542
2133352602
867147930
272404492
1415965927
1219139749
2249282388
3633074646
3540190849
2351934083
3168319880
1742005782
3506751876
2145803490
3130537529
3710557536
1824146245
879174599
962245500
822457718
1604200389
2317534652
3582346024
296165750
3360083294
1691121409
2262508934
3717670924
1112927858
3704957627
1197209088
2080937891
208138526
785439267
2822421969
3544993937
4228281576
686653883
349351094
2638800204
4288013936
3596522616
2207070110
1507659925
3997489440
684827893
1423662423
526238124
1711269594
1608058018
539021637
150634112
2002572713
3999406326
782421001
53795802
3750675317
2652645019
1685799481
3058486163
2421299115
2968801956
1468547337
1320321216
2275932917
60464671
771989383
2488101219
1335854177
3285905218
878384163
2628547840
1153595184
3234346517
2287846631
1509728279
3802977545
4267225373
3893730491
426941115
3528072668
1842699023
330151471
4197422444
2166551522
3316780062
31583471
3476075712
750743241
2456910001
845951989
1329351449
3962021092
1973048848
3732308409
1389729874
2001021531
1386833173
3339326049
3761033071
1817921116
704324314
1635762159
3305775693
3547700810
1640161132
569389172
2126877524
2681476848
1022753401
2745408061
808406308
4016221099
1077675521
1870650886
1703100488
3357670303
1155829507
545044263
1717225187
328813798
4190915635
2786181575
3583512162
2554971583
2455270053
1688344330
1599866668
2971311039
1667231869
4092936000
888248914
2194405631
773606819
1000290842
381543740
1868715856
3642552944
2910149842
2888973151
3378778469
2589104325
2036872423
3719721420
4174039051
2482354742
3185437245
4037315675
2453050342
2506023707
467457124
911177498
3688900796
3216053384
1118194656
331694159
2104132118
1891748359
1484388589
104546388
3383291217
964891918
1853743410
2424280777
2173911624
846839090
2193062765
1717968324
87523851
1847932502
3488975145
2520421120
2997132170
1232743641
734361192
1882306318
853284421
1514694602
844889941
3956613762
1959158528
3148923153
9165816
1266192682
370905711
2022962089
1001533918
3181732662
4200280552
3556900806
665488337
3163427949
3484683794
799663372
2327254915
3950733658
1107073943
1347056316
528083263
842863232
2610677201
3223514596
1423705498
3600647556
2491278204
257904016
470348068
1405733989
251695460
2995703033
2219738645
2949188259
2196124442
1057854390
3844001789
250378359
3594967453
3312989163
1441901945
1161335805
1685737488
169524858
1979971549
2864729297
265716051
3856620340
1261510624
3639781447
3252299423
2110700009
26080344
1615694257
1188988986
3469948276
3784047657
2771476869
1188051098
2722119056
3106719943
1001766285
1696562366
2611949636
1248321223
2876667125
1093228961
3338185102
3801957654
3967828731
346809965
4095613205
1879362087
2454259614
2956047528
2705219036
3575365409
1687449165
2508787302
847456238
974711057
644659868
4029532795
940761103
475621401
1259240173
733705892
2180765038
3688060065
1490739493
3898316735
3257692499
2256786056
3125117275
221888501
2086285517
2715572816
3167041158
3102620400
66790505
2990209105
2110123313
3488878595
1210824154
1079067115
2241139749
3910408802
765948846
479969455
3495326496
1473705806
917742333
2697565080
82716543
351439427
957437718
2939553332
2583004914
1153423149
3790458676
810868182
2829625386
463860374
160881195
288956722
199754195
3263630390
3704605113
2498349106
1795087957
1096909570
439814663
1506093322
4049645832
3974029968
1959334430
280612137
2641272109
2125503176
3299861785
2763315166
1409059461
1195520527
2147472617
1231040779
1231040779
3550579686
943250909
1841498605
1521021776
3759660531
2459578224
3335333904
949547069
1612514128
789134098
3507133780
2975700191
3000886924
2796937408
4271885446
4271885446
4271885446
4271885446
2057590486
4014995042
2390530426
1958284978
3337468035
4045286990
4162808026
955814893
1421330609
1523120569
2956030863
1157986442
2702910017
2609069124
1267208436
1003808768
524252376
1746718608
219964134
2279998435
1864966454
3865544626
385414259
3451902485
2913473252
3601882212
3375201932
1011871991
3527942117
3169945656
1373542171
1427281946
1246850531
3711682775
3830180542
3534348112
2590960054
2723237939
3336704374
4279390972
2490454492
363616802
385380025
899465593
2557265483
3962495845
1859635590
2102136734
4073876412
3716015386
636921626
144975997
280857470
3371255985
3614123298
3113245454
4250853541
2290643098
1180690918
861519333
493706043
835725049
1618537084
982669537
3902478701
2229252688
508282616
587977943
1627281090
1228525622
30243996
197095752
143069508
2593216002
904213102
2188013201
3309626414
1003136759
1557212924
1638173075
1980965256
124890141
763512571
2747166450
2341244348
3015023713
971169243
200107877
4195514961
258655553
1358462597
324756732
2070640156
2281007451
1037094809
3711812197
2195146809
1714856002
2337254721
2337254721
2337254721
2337254721
3861090106
2338857139
3806540588
3873850614
2110400273
3296999832
3262058332
873161384
347944111
2647199887
720782058
2178175629
4292746235
3119661847
956629729
1225704657
263468496
1369273393
3289320950
1226030755
314123407
2391992582
2576469809
3704753668
2690216126
2652887768
3265102895
3536680493
83063547
2547655643
1762179513
876939388
1931966735
1621708065
1086185604
880970906
1196046501
1555467226
3411487233
4140553965
2530883201
2757686283
2958701201
1701804715
1499025966
3675854111
656580527
464427267
765980968
1753159691
4079069884
328250675
590052635
3829795272
1841478974
3616651130
443629107
2064107083
1531229835
2592256981
2733101786
4021023079
4186156752
4211140217
2211415661
635004156
669124805
3302806782
1932512744
2322281768
2638547289
1888445843
3133188765
433457782
3958879591
548121643
2329785050
3299054095
329299299
3712495025
3145236645
4057449449
1630928649
3447150900
3137554015
3748249336
1558512913
783283992
1801865598
2695822174
2248748251
3393211975
2901082938
2060030617
2635745824
2831138656
1462740794
1596022198
999874724
3279656425
1612107850
1137289597
2046880739
1944702845
846795523
2665170192
3259654064
783797093
3585528833
433137822
1175370980
2895779766
294335502
930036113
247537826
2376001499
538401967
824120452
4003755266
1048995661
739856599
3836961528
3541067486
1806988163
3579968791
2254331656
535185673
3793922729
3543932366
2694520091
150809978
2655756362
1961540440
572545935
2845242494
3374249988
3221683261
970037355
2579960293
1659708981
3976072548
3232443667
3253717049
1549702830
25092162
4055511024
740596197
3713792353
1222803209
805428263
2477043821
2046850322
1789245144
2591113031
1917122969
361725956
3738425323
769191159
1273084581
861609648
2155236301
885749929
4157495670
1975273580
1070449029
1250392496
114658993
3634193549
2505526600
96491386
3168820203
3385529595
3777973795
101933886
2494246004
734845509
1217160203
2833000302
2487207801
179422159
1334024721
1048605421
4072322903
1317844810
1760854029
1943781960
3073986128
1273052392
2491075155
2041618143
1171296563
4061176197
3395041119
2853876760
2591410197
1472802524
4118576005
1811765902
4059264250
1702771125
994570919
343038275
2698408071
1573832214
1370019803
2252053709
3630296244
66683251
2733818660
1328653448
427236730
541905628
4292160799
62219718
361777028
580436272
2672801967
2552128766
3181966556
2727964490
747963060
2016265468
1059917729
2121199156
2735454135
477629458
2935202482
1459758420
3090132887
3722338120
572522591
713199775
2475347778
3338072971
4112256794
3435828422
3597234267
2825091399
1595141907
3413531604
2489363567
2234695708
3373945832
3752881987
1747869215
297932820
3748329706
4202994575
918168245
2317179017
2739984068
3006943206
3730014154
3099726569
4269391441
1665402144
203614339
3784610660
2137227463
3492845936
1335113910
449398681
868937194
597193232
735077921
3554298698
1628989500
4044432117
3877840789
1249172235
3671838508
169696381
3631370796
2909302001
3073212232
3759595296
4071337074
2912563010
556214377
874919198
1311831963
1022471463
156580327
3576689204
1884286639
994597207
1948230855
734017860
279575484
321175248
1767880790
766228113
2344297091
429687439
3105864031
3678596064
1836300948
2060882912
3835274975
1109028804
3929529923
4163570056
3762260501
170894057
2729330922
1621565657
950226387
459103569
3456582349
2238827767
2973981888
2331408608
1269782888
1189900104
281321516
3070989597
1439145325
3212475473
240432146
1795959870
2250472994
3077622501
3011589640
3033685126
4127799771
3095635720
3439800911
3658194625
1227128496
3929643542
3032162176
2343428461
645034280
206964989
1770037311
392747504
3744848110
1330538598
3040004840
1460685765
65090429
3400845033
547075906
504563114
2802805970
1370189114
1969033771
3840234711
241958428
1700090972
2381018958
1920118309
2443457130
88420814
862802125
1133399366
1734234461
501995966
3384605939
1885702639
538931162
1426634550
2303392232
3488129804
2403378867
4095613520
118740825
423804910
3789582176
2967149664
3398610480
3276072828
2748376743
328194602
2980830783
1641590114
1921234257
999932942
3802124785
1097749824
1606967002
1186908325
1787296489
3457048138
2773504922
1887737715
4286538413
3894979673
3565918458
2753069340
3705615857
870701697
346771967
3316702544
2879803
713091520
2900577275
2353757319
1197396661
960091894
349522622
2678310836
408795487
3460498835
2734860997
2216764917
2254617153
330649677
2570787179
348481597
3044092822
410484677
1326457625
1260321549
1002694141
658106180
977360756
355835421
1094351791
1294067551
3629041656
3542536339
2346771749
3820519875
2906292530
2657013546
3833740598
3882376056
2793501040
1448985976
2847240719
1604037646
1432885967
884519126
3526375151
252693198
1534407421
1343410855
3915505149
449202722
1121638244
3255302153
4276002673
2666793541
4109047642
2602567553
332633805
4059230707
2391577684
1690473647
3329635846
1428950301
1386084373
4045158909
4218547894
3557937552
2054291676
958036044
1163579727
285559216
2755453847
139582634
199352902
1161095558
4262016766
76963430
333349574
2289191939
2758853313
860105389
2477637465
463166886
725850449
152594842
1705955069
4202224878
2533892869
3422760805
2533942863
2382476955
1203945070
2459837661
2358516286
852352982
2094734854
3248215190
3587107005
495142506
1729997793
3342036505
1841702764
1565169388
2291970907
3566583574
705632337
3157760240
581308620
1431904913
397501568
1036050744
1907828532
3840812564
2249637072
4213873121
2003098604
2181801182
2147344522
502800537
307255384
3223197974
1919273495
3093248714
605507988
3065897716
3246768564
1001627594
2235733542
1863599610
196417053
1289066766
2268504494
2404965405
3663805248
3064559705
3290625685
70663927
2163740398
981509098
4243783103
1749133050
3923641223
4270651567
3309055030
3915661467
291106991
1515012723
3174182625
1817311111
4001516026
3238234638
429055023
2918414285
2318957471
2317416853
966175689
1688347925
2297573772
3057682809
3632441003
36463945
1016972966
668455347
4244047039
1110643013
4177617264
1172792717
2998993900
380524005
4020348544
1333092550
1454779206
816523578
1811973815
3763390951
3223422346
1597443889
604949365
1325658611
674676806
3696804942
647952585
3636861462
2407530770
1207078482
668026268
1533681493
1632710842
281080562
3951520231
1565453377
355826797
188716164
2379154143
592015521
2388446451
4137809072
1767460137
2493701928
4178572247
2948193566
1541731588
2902061345
3860876956
3522244137
682540159
1010364450
1683333096
2251477901
3102128038
3028829625
3621838519
1071488791
4195868338
3325776159
1338489741
666159446
446805562
2311013093
425237408
4107065418
3827158371
4153392806
1369033229
4085296150
4091204109
1847460535
884645640
4200362413
2437020425
97474006
3950861575
219233156
3796797506
1927117531
2528150521
1835139136
2143361269
2020667087
843106549
2331016937
2141914963
1011744815
1709921224
2933096573
22493639
221572360
1067268913
4193162498
1893601284
3060423081
2851973391
2990406872
3098511099
2396818155
213596273
1733311870
2985711822
2740751488
2927198456
2509962018
3498652616
2618721821
800974729
1927049422
1557849617
3757934254
1944311030
3633692316
4226305878
3057354116
3087471287
209112544
1160501377
631396742
2549747090
651070302
646459748
1377396320
3241262672
3606853494
3594458218
403947442
330627181
1172212824
316526665
2784461381
4044349123
3594746415
1898469295
3549766453
2034187840
2203466067
2014549748
4153701668
1974046355
2635494013
1252839370
4209189737
2986432733
2730441968
2685319917
1780966209
2202125407
4215059118
3377278929
1160682240
1016531245
1268439718
2238321236
1281277756
1381140700
728869093
1665222254
2351113732
3939978546
4150252742
1903847903
673681419
3769545024
2631512996
4033927114
2554987993
929367942
1653314306
3325496786
3621028242
3026789644
344081869
2241207700
40077881
1538653011
667348391
3453066916
465459286
850712081
3139060139
2803076714
1906333698
246263469
2733544476
3353445716
1990711706
3241903210
55238169
411263494
189212776
1656130199
935760201
880683657
4105422682
2057694402
3379752844
2851726203
1104516017
3325028584
852142252
3073842497
1580961198
1552744351
833125902
1174402867
2466383681
4050909776
1731177566
3843250386
3050371265
4119365469
96394051
2140741873
3317382033
1422994519
1289704206
3562539754
2036166466
1825291443
38598628
2149151969
4061735240
1546072683
1392551009
1689150600
3817857579
2819393993
4073179397
2978629837
2724986396
4170981071
3138362490
3298371980
1968968488
1416194558
1409713124
2444178805
1644565491
2397397635
3766565005
2281117503
2817400926
349238888
938668956
4146774229
777437351
893045683
1006080555
2509703686
4195666078
1579591059
1806362336
1384248628
1710778452
1128911908
3245458687
111338592
1655591563
896947612
2732193690
1088807517
2533588722
728779930
772255752
1767750530
340798039
601027540
3307755800
1378647124
686927059
3573831629
2548080701
4135196218
279897598
1797887614
3938219199
660793904
1127415582
336684299
3701325036
3873700207
544555860
421829492
1781432648
818904099
3140537811
1197114942
1867664828
4055604764
2169163271
1696775722
1720879302
3958317432
2185896396
1985693155
2794422443
1247455064
331941274
2386275756
3715362467
2709151374
2480642744
4014538002
2321330191
508811343
159843177
960438940
886273442
2740765408
1664341279
1695394171
573974679
2473609800
319987881
1320645943
1227736540
180150015
3382333539
2370716516
1125478216
1169302175
1337269351
3720853432
1510204850
3281513726
566915642
903032899
711509794
1188339400
4146045564
960947998
3469604760
3217444236
3344277236
1459112411
3695500085
3919182832
2351688901
1711738050
2956133767
3837487400
4184507930
2001312768
3074721345
2940691751
1121468887
1690010327
2723421158
997751500
2955313483
3740567760
1231228028
3826954260
3202409438
4199957736
4199957736
4199957736
2171365537
1568968501
1610478378
3709436992
4198430408
2588333009
1932655770
3115013836
3739634659
2581406391
2361173105
2804878431
2106194391
1747546894
3443877125
2520532447
3484113333
3459501222
390956335
2613958131
2527302635
1545765801
2191029120
2855208883
2516876919
3240639050
3450230636
2012482393
2886930705
829581430
2367461502
1424115953
2284990305
3688835458
475537390
3360540556
3008187667
2708925920
1355884361
4227146724
2858025847
2401110365
2708700167
1521338918
3688383359
2500149995
2177524220
4135025587
1310234675
955645382
1399171481
2613404268
2451891990
2997145599
2999479262
3219780318
4021491156
1360746412
1918458640
3447972979
521713139
506430999
55671137
2398420900
1362130562
2145919218
212858280
1993114150
1163140041
2549627268
4028952077
2252003614
759872763
556358105
4244887737
2440851787
523306980
2328569842
288707205
2723306812
3581233816
304561910
1747260334
946442622
2092827430
2582380129
1471400577
667907784
1339929927
4288614199
3139476493
3579810354
3250767372
2937216814
3422751442
2436367201
4117110160
868831716
691405683
3475282101
2240106152
3415469171
2775334376
1814100221
1870950309
776510384
4285780130
1811184777
3941597597
3653502936
2146670299
87464748
3026674836
3659094025
2634046305
172453210
3816826671
3186787720
3259580642
2621988074
1705587864
3950521073
676287534
1835751074
3878540302
213301540
1817878497
625686508
1751944339
1817745408
1774282035
853672909
3108939811
4137538841
4233798187
3966946449
4072008924
1749678179
2699701709
3179029375
2917616690
1804844771
3013093961
581553799
3120842784
1662352223
207129903
868320243
259182165
2730417425
3110043036
2073324566
3243264358
3602898002
2542749800
3723503869
2900600830
1484623181
2297277019
1267672094
2802260492
830576816
151793753
67363336
3886236663
2355501657
3749604759
632101909
1930602442
1405920776
2957297602
1269325847
1100350564
3209048590
708942136
4189779467
3838667436
2387257342
2477025588
2521287622
1796786366
2971917149
1952446975
2990220967
1091676954
534619729
512879902
1593891656
314635224
606204089
864563313
537656725
1302586704
722263913
2624032610
2586590823
1863144144
3650466005
3974221482
224428693
2963620261
2825858946
1990916472
1621943844
1361583692
3763224642
2386723782
193771200
3008643367
2857512549
2833541639
3177403113
1792891174
3195882984
1215796950
2196619044
4149902460
1881191334
1971146409
699183407
3979648845
3628909448
2265145728
2707083560
1285107808
3728692402
4170441362
458879176
3328875469
3722128314
237118979
2820929674
2938860459
2886503118
100713614
313936608
1609957061
3108214766
2563269944
3121438048
3311594824
299587861
2270366976
679888888
3699569520
4237559405
4137792654
693635609
3720874557
4143608444
1507058659
469911019
3589871135
3487123543
2853245963
1169895803
1830728615
2678972368
2894173899
3772743147
2608196154
1594976165
104121424
2858808484
207586493
3677431220
3725930211
2907146883
4014919749
3359018279
3437075604
201107723
4139483339
2981882534
3674179310
3382996373
3388506176
3888568691
439948048
873937916
4278969803
3749174425
4242978630
440563536
1461099120
4256793267
2009930264
1621600991
2184680327
314227475
3053280637
840648553
1137256693
112525333
2856018258
112832464
2866358618
1608351437
1584786059
2563582921
3901834311
2522186937
3241246814
2278064263
2226031208
4128830320
2969288571
1764618098
2951267256
3471735381
98034482
126114512
1953192877
2992264769
1488012462
2403946620
2218763118
2139838265
1221300253
2879437457
2833067623
414800543
4079629255
3301889051
3583122413
3304895702
1544691894
3773717085
2379494876
2784574987
2609547177
2724011926
1601441284
3573353208
2460223119
554473256
3539775334
221909808
3445666794
231550749
2544063791
289211974
2108125053
4274014307
1027348069
1314363144
3828455675
3653633264
1009014680
2115239078
3883789500
485469179
188007054
94530022
2562475622
3303629863
61965308
3545119317
1723926947
2440364981
3543961387
2045220212
3203723469
1741731507
1002481587
1245005802
3695378847
2468887340
3781554465
711496373
2215274471
2735371099
3866936493
3951538261
1896740405
2815692245
360025321
3705786370
744623240
2367751104
2593089392
2694597443
3993637767
3243207803
549828523
1970845221
2804902307
2501263546
457705492
1154170097
836985698
697102977
2158213224
3888688437
1747770695
763700700
1876175315
1109020914
1670818711
1680994613
2167587950
560865999
2153664495
4148918102
2441875183
2214751562
3760178192
3981894755
2930358979
618677575
675847621
993837102
2826903960
2053672107
1761907179
2196251646
4245329739
3742336909
4185809582
940719333
2713699423
2420883684
1750043572
2653932397
2331698476
2609370427
166872148
2489117002
2976694033
2031346523
3845035967
4015248650
1435634594
353395458
3180090166
559645637
1092360663
107225485
4223961656
4030052554
3328599358
3014075564
875393198
4178404180
1038082861
638989072
187583266
3261858359
3246441964
1250083610
934163691
472239503
3862590954
1614614416
1669495900
2370266741
862224621
1443762758
2850051318
2416888998
405618494
3575653587
1942790040
1540381247
520941276
3119646528
1921812655
4243490144
523175085
3141799095
2014493796
2059806696
736916395
4278922803
3983732943
3416198429
36678166
1566688049
2807006755
1453360477
3018654885
292593760
3628924133
3283533779
2472114097
3683213495
4243091607
3448204807
2413431916
2516822944
3285619172
3580610821
2235574945
3994181642
1512887266
175416019
4172403707
8048222
2935608666
3912104044
8218795
1013749307
2483570575
3087757728
3320236401
1375312367
3922826221
3973527110
2148771921
2122577573
1499826106
3492100456
3707649856
4146778772
1549977028
515881593
2556701906
826130739
1390525973
1763097727
11941616
3366813029
1734929311
4038341445
705344386
3296180651
14030830
3282609805
2399557411
4179347027
2186831062
3590064958
3755354575
1225117096
424926246
3642725014
3206177171
2198169125
1499219287
2438475605
752149310
2662677152
1713373498
1765183731
1599678737
385058941
1801038762
50222286
3393474413
575353822
582828860
2283679064
325060485
2305241554
1773311726
3116155826
2403901076
1251330052
3124307179
4135121893
1738209022
1968913364
1349306321
3324761748
3953662212
1930185020
255648587
1070437255
577132342
3026208910
3173463589
265957868
4291865009
2236240089
2483621402
718444381
1993387672
2255471382
586332418
3690781467
2877064776
401697397
3449662796
1783736499
4186713484
1566333455
3386595116
1802324150
1489563086
3482964122
1527012299
2222985064
3749028674
484172305
191435385
1497297259
583702813
378709868
2747397082
1758330486
895204289
1834529866
2694561559
2562228736
59695340
4209283750
3855488274
769493488
3456558571
1509360770
1877494158
4082996049
2182702022
2353974171
3281922662
1334713597
2956573047
1855174424
3678305467
115925075
3764923408
3125458744
1377628194
1828155361
78306550
1438758660
2382710741
3276536853
3379582471
2986736639
2796255718
2254896627
3318967248
971886654
2764305134
3619702586
1593286865
106829602
985324473
1876890116
1775527741
2880193523
264729844
2036212544
3620204202
2034093689
44644230
2211569866
2919375810
3587388236
4175274069
3610647455
2353036150
1624189311
4023981547
1962076209
913086454
2727283019
3312929617
1111111247
3012383692
884612768
1894127614
3263377236
632505227
3014638164
1771529356
2951752284
2951527808
1844656465
4231003494
835057261
707864417
2443493830
1299647354
1892956843
2770094589
2770094589
483097282
702047699
395370228
1584597100
2780789739
411506506
3755717110
1375751483
3053648554
2830859978
995612864
4171069437
4238908702
2171121914
551829210
1292819837
3790420055
1281633931
493675834
1050699217
2026704639
2846802945
1602784238
869255671
1713274961
1026834925
3160928861
2720079368
1090144938
2559182268
3159856663
2130094208
827559553
3650270739
2624835370
3026732086
1334020593
1257766263
595476267
856529889
1146579635
558695039
4209947722
1847011949
3524194143
2406702463
794854686
497209164
859348150
2343654876
462596463
2317807525
2214587750
1396372872
3067219936
2187999051
2622353916
2648698037
3554824478
3862456972
411705344
701670682
1240162514
3518717265
2163265335
1861707769
1963428793
4128203465
3441262282
1093914747
1154600083
1297981626
2975888478
3924298091
700923161
2317315782
1302571120
1614966734
3728588282
3784049822
2505840648
1252258829
1564914563
3020799535
3313278055
3189010726
3349981267
3551049172
2824865974
2075572702
4141717003
678786184
1740656057
1815223277
2111214590
3033561103
4022429670
4073686968
1194290012
3435510336
389330976
976370161
992520914
2345637579
1627078223
3576560465
2447004007
2937596769
515608953
746065913
1953223077
1983182307
1246592255
1467308758
3305365576
178662190
3566998025
2594234816
229443192
3818754884
3035477189
2002126547
2898332469
1608750339
1816774551
4106919706
525869457
2915960787
2264042567
384905028
700034265
3241184085
3688102710
1131744849
2647415497
390341906
1240223877
1419783744
2139575226
145024046
3016101712
441797318
1197621457
1764903702
4175510228
150289908
46262323
906968882
2904851879
3596172018
309010225
293879441
1313814243
3300568741
1190384250
1291361180
4180641110
3767372496
2042517302
243183923
1067894325
1180449093
430137401
3022079038
1259094469
724417691
2712272324
2176687815
3702454379
3965642391
1081822896
1624479522
1787657183
4293995116
825001664
4261088877
2454558682
2029169900
1831694926
609801144
4196819142
2851154612
2889531392
385924411
1607755888
2775348320
1917440117
2826155907
2508642484
1547714747
3950955510
3490286240
751711281
437916905
1444396578
2103448924
2408807673
535167648
3126753191
1775156834
1191018813
474020946
2962748904
2815548278
812256768
1105428317
4109635763
2961100448
2720057287
1090672809
3893338335
986434503
3719889502
1593201363
67353461
3949400250
2276035068
81671664
2440859158
3766451750
649983313
3458605021
3440532948
1541670345
913835607
3997039815
2091499643
1620805616
1803383541
4185629764
3518976280
902684008
3355493680
2803084547
1423598388
1471493678
3459453273
3775334014
3472157687
2526191139
2427929154
3792705703
4042350948
597256121
1628420967
563489179
2030980991
1272921250
3691712803
3449538895
2521523077
2706347138
339384031
2460812099
1239723287
1368740256
2589885247
1909724718
2260325739
1796424595
601254489
1686532532
3469020284
3486404596
2400243163
2392111632
243756094
2522677518
100369221
3189215687
1987613126
2564569739
4269060114
4184467800
309800066
4057584682
3636009964
3674969322
3745268579
659085930
3688339673
2073880576
499445777
3278779707
1343963502
2848331557
3868086296
2696640791
2487730153
3131919776
3287456534
2392088767
2437451344
2700069888
490476271
1586338556
2036005020
3354126511
3361027909
2293608262
2488387943
3351152450
4268597618
3203396472
586765246
2729324388
1172973218
1480478042
319476247
4070099461
1968525441
3845558991
1092205058
1415697547
608779246
3798581258
143119831
3513043455
1248239017
1222230971
3782075498
115835460
3426725124
3160908096
3432218294
3414312766
3058414736
407087314
1297744785
312107018
3855812819
425690555
2981251419
3452555817
3756336371
3873104512
1745016236
2353993904
2520886631
947151637
589323014
2558955901
3662485672
3673928970
2352823429
1397710945
1040236000
1388213693
1121113998
2374076498
584452507
1543155338
3935916928
2673736349
3065944183
156149500
125024099
4260977685
2668296146
1076219127
1734280600
246759489
291622014
1395421938
3664125323
4171602574
447422315
2059412509
4170064737
873014654
3557199966
3948564119
3049794983
2545188826
1169305243
1241973663
2212559110
2760097759
3087251352
1053920701
3261948398
3469491312
844233647
3845233914
1019438154
2244496453
3890686151
3665938699
1977639215
3104619293
1391704844
2859084163
2187291273
2616374508
3178746779
1498727426
812012753
1728898826
4164465969
3436613733
1033195190
3616773990
4289734366
3525956345
1526316756
752513459
1325104306
2190707878
3204130653
1672989340
2697594481
3319513379
89116623
1878792432
3729761341
2998293282
484701344
870409427
4231086413
2369336966
64175346
4117982446
2239558807
592099469
290731580
302662051
2492237700
1192074755
3480196611
4074052254
359829794
3649608537
294509339
3853371027
2267311710
1150132424
3037448549
1495402049
2673723600
2532033844
1841675541
1514460112
3473703966
2567122612
1114265492
712968730
3153299290
1279774286
3766689378
1998201407
3633954654
1335020972
833707715
3053671521
1033131940
2971517971
3609047279
649741905
1811628146
3608322063
3608322063
3608322063
3608322063
3608322063
3608322063
3608322063
3608322063
3608322063
3608322063
3608322063
3608322063
3608322063
3608322063
3608322063
3608322063
3608322063
3608322063
3608322063
3608322063
3608322063
3608322063
3608322063
3608322063
3608322063
3608322063
3608322063
3608322063
3608322063
3608322063
3608322063
3608322063
3608322063
3608322063
3608322063
3608322063
3608322063
3608322063
3608322063
3608322063
3608322063
3608322063
3608322063
3608322063
3608322063
3608322063
3608322063
3608322063
3608322063
3608322063
3608322063
3608322063
3608322063
3608322063
3608322063
3608322063
3608322063
3608322063
3608322063
3608322063
3608322063
3608322063
3608322063
3608322063
3608322063
3608322063
3608322063
3608322063
3608322063
3608322063
3608322063
3608322063
3608322063
3608322063
3608322063
3608322063
3725395156
3040441857
1591534509
3649319199
3162161221
946370346
2956492521
3119054586
38800560
1444550982
2015366021
1880173768
3385477482
3019862204
431826580
1947700729
365035494
3080255527
3774253879
3886049411
1581869821
1026227142
1793398474
3419278487
270241310
1018166311
2889884441
86880847
2315715197
482588379
1439626893
3987103071
1483094596
1939313958
1456802397
879593155
1854536129
4124852395
1032644284
3421523059
505923225
1404837407
898061579
2781538063
2362445046
3284102650
1680648201
4239533456
1733933751
4223980323
1663031811
3966414585
2471563427
2578710437
3688121707
857421964
2456169849
771040604
1173539455
523381611
1474849434
1747395385
2041334240
285633889
1632318714
3783758859
3588988422
603411882
3613972129
1112299168
1555474554
3836481331
1550753288
820667222
2334057679
1115793874
1926089415
3934568517
1060270162
1056842099
3526123596
2036190069
1810519992
457120579
1783799426
1229560588
1528490706
3278444779
3558662279
3659084666
1029822009
941089203
4033388893
1343312816
3357328127
3050234302
1963615892
2723190604
2706390113
1516846897
666456319
659140295
1503697780
143287655
2264798051
1059810731
3023747287
1225508385
2703691557
3696651966
4240909411
3933114551
3644151549
2848525873
727425755
508305220
1506629541
2408872407
2523378074
3569736153
4129678981
1430624077
4071084100
368267183
956003947
576290864
1628590202
424887888
1635529267
2628670536
1254845314
3678306000
238796157
1693524413
3406781951
4031967478
1444895577
2970526531
2834254236
3687596248
1843375590
2453784245
2178234939
4259490962
1361930752
149303603
1348673830
3567908726
1710056838
4073278632
3782611098
3564518138
1613342468
2608927111
1969412986
2963219320
3881572992
979507130
3345077374
3362732759
2766082992
1047190614
2466792294
1108793667
2958812710
674499911
1471238179
2476047321
439899012
2984680198
435037200
967983446
1410174887
86003779
3807904027
1558531274
924031706
3203379095
3189837559
608947781
1754313222
2176636727
4098006608
1989439883
3695940833
3577424544
1160421874
3908367038
888758816
341475913
3742440964
2618464533
3266300322
691380561
3557248302
3338098566
3746845864
3607212339
3445701586
2952942458
1762296830
1375765361
3173947699
3553988987
447054892
3849345352
1302625964
4198860772
3286316971
2862282184
2822200162
1750800143
885244451
2232785547
3059278312
2590998769
3882349107
942040659
910560248
709785595
2385618333
1568272672
482889174
2222065215
680848245
2458652010
3790372268
1140506659
512712422
2609872275
4084833207
897858199
3631122278
3333039395
951898001
396286085
213444707
1131239413
1332986600
4181122311
3693172470
4164935533
1992401452
4127757205
2071352719
2513335712
3894117180
286281265
730936747
2827122318
1581052442
3976001951
1061666686
1743161159
2316329882
580192141
4015595430
69333796
900222481
4114050760
3160726235
828342002
3576211462
624722282
516851614
2973987366
1169591519
2691586316
1153175018
2589693446
2054145943
3497433330
2650549474
495512290
3612410728
1196246591
4126672517
2306265916
4197278335
2309781028
3685118297
1275557119
2979609259
3078328847
393728032
2982351015
3789469705
3527471578
4014485379
592252538
401155515
1637059582
4166085062
2697822641
2319096980
898268099
924192887
996401579
1205065672
1223761259
2423775365
1745102753
1227207554
4114701928
2375127910
785566665
588147976
4174658078
597357874
2655475103
752439093
3402795050
1066232207
365987880
3741728620
4194612228
2013951093
1301310396
246716546
94319118
2865543326
1229616820
4061379303
2402517828
3625081533
3109428251
1121022681
3667656427
4229274281
2308014171
1049359509
1542398530
2792645263
1581782004
1161768579
326247985
262573087
3207517219
3585749355
2004982521
1818991555
2957635993
2819124897
2894580198
1060680134
2028248359
2783349814
3404307709
1739288972
1484438131
2167246634
4076391595
2952306365
3920378015
2823429018
4007596921
2556244085
888459523
2613546840
4231960123
2409650678
1183864554
3641808681
3748027963
61219519
284947931
2842800496
1008174718
545354626
3776109764
1213660228
4119632557
2126767079
2590377774
3151065385
4251518297
1276440666
1781273761
2566862141
1169085359
3869646140
3895236440
675725169
1137197964
2450374296
1504333013
457667248
108129958
1218240328
3597162501
1427416233
2408348322
277805881
547760056
1075787282
835647494
1755420084
4125719961
1862751311
1420199158
2983718179
2087060242
4150999164
1672062381
3294891457
3111048059
1708438815
1006977452
849447498
1709513801
1067764184
3622770408
4193950383
3769537341
3540974864
4161954555
1641963709
4279927447
351943595
2332131927
3367047895
2069572421
1291976371
2460566898
515493025
3237035282
1330935567
1203551222
3473917357
3608945877
78806830
992163317
3599937074
693039270
5444281
896613142
3369333176
3985934854
3822849089
2488154053
2198183879
3910075927
1364060403
3857424483
1290910362
1381747655
720589379
2188462711
669166541
2450018305
3780390305
3815685086
194551565
2701273056
2401497636
2034970618
3509879496
3305582810
2737701950
3199537890
2351787745
1796378355
3629176683
1242739348
289157464
3754967277
2099484126
3759336074
2260545413
2584006238
1031531575
2299239524
25237177
3607897938
3994874306
1515969916
2508197895
1516396612
3592376897
3012363097
1844674568
366853782
860639500
1371612142
3532559394
1587577591
1751480740
4271668110
1207492280
2601310478
3029389020
758425504
1312180571
3198881065
1758310415
1157859145
2099125500
1411631091
1533162572
1524138530
3200507926
3575975967
1498332039
398783717
1743375074
274780698
1438021069
2383184926
4000616840
1567337914
391553133
3155694810
4258677837
1589365230
603273515
2103716695
2843870660
294743664
2848843637
2842783668
2103072507
3957728114
654564233
548477092
740276657
3361871697
2400347054
2272984089
2615306367
1615235651
2923165535
1861617143
276030735
325189637
2331670655
2886980805
869407815
3187537810
2238737026
2624732250
3164594296
1556998347
4107722661
425225871
1921546645
1055017004
49142810
3634072047
1354500955
2241351802
2238508856
4221128292
2254016903
4098642547
442156820
3937282778
3799802988
2967922687
2624060474
4100062953
3457252112
548724057
2849086172
2795304730
3760780982
1936923299
2194035135
681585301
3561499289
444772755
405261563
374054380
778545882
1717291685
4269334185
2223887185
1825853493
1644103754
3469872532
601043136
2284650927
2892308507
3050260966
1081932856
2168915015
267282946
4034889694
1631956448
3173421220
2547066228
4149543035
1136351295
4008210122
3817550997
387307565
4138329706
1337350082
2018774389
936110982
3532517427
3837189458
3498615094
2444394985
268624984
2465830823
3911055679
271296060
3157346487
3244972297
219171438
581690772
3410415738
1220683658
2664709702
3148362729
148572233
1903475892
2680566303
1032763078
2791921784
3214822204
3046648921
363542005
666377532
1291471534
2945140614
1242101403
2316896192
3112777509
3454565935
1101138949
1014269406
2146696276
1076170376
527707759
1930658913
3219509917
891296221
2825794577
1275308111
46438530
3116220737
3831935690
2486202791
241109772
879432857
1496988803
3174492538
499972858
2819213266
2148222843
3987937655
1215103569
3460435405
3140507626
4087185314
1428807177
3797360413
1300106966
1681459529
870393666
3490320054
4206708293
3389424306
886899313
1351910556
1175487334
2695908557
3191637136
3045990039
242122441
3740997860
1063554638
568800992
1225425546
3468323401
578084160
4040216783
2580110979
4072316427
2075136784
179202962
2309862010
3132373150
922186416
3892935379
457789014
3309058451
2200703875
41829747
2100389960
1873950019
1001147030
1940711985
2590337280
1949365376
263915977
2183481950
1221004763
1434409543
670299394
3697384077
3582501140
1493127021
163048797
1101683010
2946041843
3466556497
2023936602
1493986213
4028131071
1724405900
368392464
1984503851
2160466986
2551576737
3240746436
3865920978
260345475
704752830
1922659469
1151051825
3317931960
1272938266
1522359045
452291902
3908873959
1955699352
1369387241
482516967
3897730847
2221562450
980599028
3519841924
3840505149
2727260196
2889869421
2797757214
3261940831
2891375694
1574241080
2861010682
2097661662
3569700007
3937660557
3029824715
1297003516
3253909964
1174319524
3917717730
1513114517
3900594765
2607778922
1566156638
3102384079
3842233314
1581263912
2484510810
2062771399
2474594967
1176684093
2685991456
2314077766
2764656127
4196784328
2660065623
295224173
1912652896
699486552
1373601586
935104617
3455822825
3547322785
2586529187
3793714717
2494978522
2050689573
2343420299
1248946135
3100090302
135676649
3811543781
541042432
2395692688
521529892
2558241532
4175531208
383078389
2555367661
1322098840
3446235611
65127780
4040064495
1664870957
1184345099
1094917468
1686183444
1496423952
2529458696
3054874256
3102792503
3921468680
6744053
3561560965
1489499735
3404619022
2150709275
360203174
3954145211
3921514871
2438391344
1916165592
4233412493
1533499621
1383422970
2607378221
3936623231
3745036034
2346969895
1094297813
1681528323
2759015476
1058944122
1208195797
2060528249
3729371976
3023717626
2873691313
414481246
3855144231
3310692646
3466476576
2469293436
2848375425
671331871
4237967801
452580123
752223105
1958693087
3553123239
3400363567
3510160764
2891725668
1637211731
322209933
851857054
4218802145
2873461531
1177969171
1323745184
2078036464
1692142844
4270535904
3128425329
3020631486
2517916486
648712064
2781437165
2492644672
3981034057
1562035482
1854055046
3012266848
2154517001
1994535846
2140575738
3352087852
1087731537
1049006852
215316587
82931335
925236466
3870271534
3426369013
2210104534
1101462123
652722941
3116133061
1217491471
2586744927
1225370962
2905177668
641522664
4234293452
2819272550
228237714
3067818634
539323711
1206702461
2195486899
2194693438
302840577
2074977171
1692723650
363875616
701207881
1496664847
2839583264
3241293262
1587750253
3142162031
243589538
3458411541
3117988110
2440615678
2273506242
510914318
2160295121
2904555515
3115608549
1954053079
949131522
1988207929
1479904286
2926108353
2139656540
1615642258
2691225309
1764007908
2105976434
1517714474
784625310
1697770841
1400575605
3478049468
3662377426
3886361066
1037337444
594691405
2381615634
1226678724
2498817850
1136080092
3760235337
1923687715
1804340769
18970129
671473897
146360583
2335551136
4207865069
3508775194
68488672
2394421194
3588746876
2897112552
2026220608
475282801
3333565676
477367036
4248374128
781911021
2462880300
2870491963
1582337667
2018069459
1538577299
2354710569
615203017
4127467835
1184122809
1864149842
3085711172
1443398409
3068918543
4239194601
3191664780
3457583834
593048065
3814717023
47729762
3276544377
1647392142
1075648654
1719677013
521668604
4156203999
1834046386
534889454
488685425
3986964336
3218796824
2584216297
3879210640
678851650
4059762895
2966578524
3209430380
4211036942
4232745047
190668268
2002294559
3083125360
480253779
1416785401
4149264766
7579163
3406498357
285183955
2434136775
2471672840
1555702516
3565008616
3798246737
1454239651
351432629
2473076209
2473076209
2473076209
2473076209
2473076209
2473076209
79907135
1648943871
1677358975
3551025958
3413529642
3335482886
336413934
3167703661
311239489
2901164585
2472269400
490686619
3624729700
1284834039
2479013851
247986876
3276793572
1870991332
951409082
3945787966
2286978831
1996956739
1626706678
2568886652
109725483
3547566598
2660467244
1574300844
1983789748
1643331860
1633617155
2770643854
3387449226
3279113201
4284146785
3612479769
3450459428
2710930037
1528909466
4246032689
109103550
3837695714
3255686690
2723535823
2845461767
1843857547
4052223137
1138629915
3392725866
1515248131
2712967330
2312516197
4257750469
2056460103
2748168281
1638296126
833228493
3734975722
59664881
6396621
2045531273
1896207090
1797022330
1076940541
3292791043
3143765247
351652256
1002596784
4177193205
3369508990
199738201
3888217838
1239029882
3866011869
2029551507
1782260499
1864445377
26718643
3210448871
4028198912
2457098679
1687150329
643777350
3230138446
2814887614
2429676337
3512518571
1315938425
4099220824
4153064351
3316240843
131855892
2206801623
1342524017
3196488388
2742148344
1240886801
1276946164
2400158670
2883533424
3057540621
1789643715
3526127594
155649650
1879666353
2818247412
2827051923
1219906244
83091320
3426013263
1146837612
1636816950
1132060701
399669620
61260532
3103617483
65873739
235537429
3621179442
593571307
526823249
491147808
3151909222
2747649430
1420581071
3851273199
4162506682
2840316303
3677107044
3707168892
906539507
260168185
3262357330
3753260535
80855962
4139791885
2505810723
3455451107
4196856371
789582153
926866424
1142437537
21072579
2055683680
1106095916
891429671
371596165
2148564471
1693999400
2996939253
2802758939
576199507
1847540113
3265135299
3017482683
3300880140
4022533498
59684403
1803932257
1045104571
1162837909
3728777601
126829055
982726827
3048539743
97632306
2775551659
3367227015
1943160916
93879237
3724871891
3627723276
1021492766
2635612514
3674830952
1679425722
1425279684
2850954634
2860111891
194577281
2706520537
1606753738
2416723551
3644959603
2700776367
2386638948
345959663
4157566067
50775943
3035986441
2477104556
354651623
2602642364
2773170558
111011315
858909028
1945555961
1920667990
3464189895
2800865123
3214818662
1870225308
991611137
89051629
1712541912
4209249154
2427340927
4292621645
1988460394
931447813
416332734
3529663549
2427664183
678630035
1632918007
1824012822
14103943
660121688
3046412456
3938807134
3539967678
4216622307
2580448333
2563063415
3067437593
290640374
2484516946
3182241234
1737460575
2104882363
591383492
1135024156
568203923
3129357553
2748521475
4269416561
3890160028
3882328603
3808365937
1341919370
1393223680
1115659954
528726560
3934586604
3022247051
2737805655
950126210
1901693724
1093328132
2973744126
3406961695
3072327626
289946587
2588823839
4226763325
1514810119
2797874139
88186605
2980531347
2140181613
3337644501
62519418
4209735677
1783920983
1612266583
3245982962
1671384358
3004831500
1031258454
2984262853
4157534522
3690269425
1226850788
4216429784
3029404824
49711288
468929496
3769208758
655019904
1923098258
2609533317
3903556800
4182432963
3495231322
1714327400
2205478237
759814773
2831411916
3435132886
3991173159
127363225
2672070682
930371484
1540378657
773679206
209085089
3925140506
58798513
1348495605
3115390649
1759257097
2129738008
538963893
2885251143
736487391
303630535
598369282
1422632622
636002963
276072265
1497356602
1776221007
287632753
3656387387
1434181862
3239431984
78731083
2246122493
3217781484
3127754420
1206754729
4226586719
3973819329
4159800134
602807801
989463379
1460019351
598104842
1928477883
2385163932
3033172364
2205988495
2915926714
1874508672
1831829982
457239676
928919601
3657435508
708910615
478851906
2784364036
3327388369
1232738366
1689002189
3402826988
2583512959
3929231882
3366383664
931717799
1093506475
1511288076
4010986841
24048936
3085250673
2676373733
2014668479
3302970313
67950838
3150521848
2724381841
3147323786
3568042535
3333462541
3629285198
2948457950
359881187
3756443679
4218010432
276093522
725478800
1012370984
3422332837
3913135170
4198251343
1516171401
3252218470
3914926115
3851313313
3962733641
430336342
2238482086
2262774728
2199881907
1742078145
828893635
3580096194
2693794991
3111459718
3800065687
3621591139
2060023868
1419314939
1963246448
386960334
1289315875
3788315675
188947583
3995927714
3029009319
1401347766
1518308996
2034630957
3730290228
1267585699
2782889859
3787176602
1062127375
3195455213
660372849
3366777632
2634994953
2500548357
2796931810
2406177334
598854697
196960753
4267405759
1038436031
1236935522
2417309566
1315013616
3340470076
1108090943
3693427565
2641490448
1804142587
3151028374
267697830
2813624347
4187950919
2960124470
2297613924
2613813278
2888421275
4286185621
929479018
2243425000
1724125133
3664248967
3066367897
1150853543
2597181250
3345920224
3472661032
1859485825
2195485440
85343537
1848571888
298894152
848276663
2758788029
1232773260
245312672
2399586456
2519882739
2094549130
503016021
3771626173
1026503431
317022588
883594958
1708171994
2847919907
3318843556
99843907
826295787
3543369877
3998227366
1678409702
428633576
2403531010
1619571511
1049081370
1951385456
125575316
4144251854
4274866334
1614812542
1823867179
2342757461
42042812
1562407701
2826923915
511982292
4093089665
4054653681
3431783056
3942616871
3231813089
529495352
2934873
713720747
3984883443
1699425066
2880555387
1169355759
1265138969
1364198713
3176599735
3845733704
3085696201
1229976385
1022556078
3263179643
382477517
2144963492
868396869
2627396014
73296006
2714141856
791173254
2277878156
4267106361
1973307655
169641812
2653114272
2922179358
686739856
33364536
4019424130
989581191
3967676446
3320073463
2142783589
1391059156
4047453287
1207838526
2419454414
3303452975
1184908742
2625163934
1897562043
1587278137
1106588267
3329738039
4015773913
2556532159
1676088461
855741037
557206196
3475637095
2079045015
2716869012
1353635812
3430023264
3383334746
1021381282
3287358527
1546988563
3698584380
2619726047
600803079
2966797521
4038279018
2041770899
1076341535
1427325831
2337907206
3524193465
4065879347
1811690857
323877461
860222893
3719206896
4275501991
685725686
4191631836
3453500976
420825368
2067200009
1000791924
1934791464
1917154798
3686908006
552037912
1037635741
1711448421
1336275147
1796496264
349700882
4192229744
3744582155
3923476055
2916905973
4079388782
644476836
3111818528
4080070073
3945022063
3469207529
3733233063
661571174
1855228525
1094747418
4218082746
2372730358
343703954
346456132
2633648430
3579078229
2527787649
2565938242
2192941719
2083098947
3220365900
2636981540
1176475864
465353546
2510318001
3463034073
2871622480
3365350251
1055466559
78241251
2393183245
1039259859
1784077709
1037237252
850632697
2543654537
4047234150
111176434
2838797582
1509360922
2032307194
294609666
473443968
2279311951
3544032018
3151018971
3027097331
2257293020
3654525240
1077433639
3717482663
2410234379
2344045038
1479533887
2833910700
1897931633
632391131
178318817
228440589
1528271518
4193202685
1760204504
3342504450
2078450889
3313083604
4191235764
3555008036
1829635309
491067420
24826100
1707024041
2779348609
351720562
294439839
283447600
1085777321
1558495257
1016573478
3651094619
1486892336
2050452705
2195508012
275570553
3028844976
3964441966
4258634197
3770294539
1310596254
3308706372
1209574452
274182120
3917136765
1585287928
3315274122
1883178383
176963161
1678536418
2149805686
2793893339
680096496
1293908938
565398309
1179830446
3747657192
54022809
3439423360
4122792357
3743879675
1997416971
2480825694
1641000391
1502233897
3816263518
1269766325
3228466995
2906534889
2120254718
2144685511
2689187538
259035732
1471727422
1109568851
3335265287
4080239451
644085501
2571577031
3691881054
4008898037
3274140254
1296525421
2763973949
3756017741
295592823
3521129886
2317283730
191273204
388328701
251798256
803587464
4271336977
4291665143
3342737510
3627552303
3952839311
3511385455
1546746272
2539580211
3389722042
3933654540
2124109433
4165408264
1329943281
3329063362
3962128664
1030504215
2036010716
4191364889
1204465034
3486575439
4050293333
2965506517
3557295467
440333778
509983017
772905413
1526389475
179794218
2617321158
4089992951
607066194
1373994613
2678548715
2307974120
3097863683
545905304
191152218
2703111598
884280793
585949547
4007088004
1487444530
3892438273
2052048623
908357437
1532384342
57260962
1951975031
1189341547
2678885932
351883917
3230009310
1259198901
2214551843
299226858
3819043507
3924882484
1252701238
4048611414
2194560495
3757486494
211165085
681211934
2621922690
1380243686
757745153
2568662883
2847041165
1963164739
2245544346
201469380
2125333392
2159760006
2141878296
1768360878
1361537661
2126922722
1805972129
176605347
2201487383
2493635446
381185219
3342231660
2250397859
2019024767
3954368549
1095894598
725231256
49344391
1663698488
774807061
584511309
2699669653
2171754471
1577569167
1765944749
1620660063
579425095
1097809781
1638681314
1588205688
3557541701
2898373305
1595340040
1350887040
4246463832
2576342964
1531354077
3971950165
341694769
2786322773
2612319089
4052889922
2749081193
312399952
75390164
2302983473
482741302
1076366007
3002729294
1001316948
1314298406
3826617909
33106817
3620687941
1229607790
1076694975
4085626291
735877117
4111294227
3521427104
3253252533
240637580
3492051587
2911009728
2960621994
3682981741
1560375795
4000773040
1547839769
3193786070
2025215380
218211164
965570794
3482777694
1157914293
664349140
1354086014
3329389425
2270989815
2940506001
1134129411
41718725
1999015201
3062877297
235466149
3648745736
355728976
779625055
1680761277
3009592467
19431718
3512802828
1862800130
3024100630
2364878330
2080570775
2798867896
3022934095
3460253450
3025288514
2340102369
1161941680
1842732968
511707681
4211800173
2272972056
920729963
616718130
1152082004
1481980649
116798689
3879078549
1867264971
1801636
1248372789
776020028
2858043139
1773136370
2530534984
2759311961
792197717
2892923105
2715392473
819709339
335372950
865886287
3456741432
625791841
3077713599
1674827811
1708976635
3405554149
3136983976
2121790840
1151127971
215745136
1250033071
2199995344
2908084312
689542
1919961198
3474097217
264853650
172455196
1134443621
983898792
2069642952
1717757123
2235175602
1958342869
2147948581
3332937688
3032465080
1546096575
1027950390
3579346359
333823448
388902580
1594105495
1393525737
2223910168
2833676422
3365446056
2470084183
4072334555
3299722939
2913381177
377808242
208755340
2677641921
3642178108
55257711
129566799
2145967387
3792348276
2110808427
3144228636
687717757
3697123730
2168626978
537247987
2601154302
2802213832
1696455833
4079437969
482768603
3839773153
2695670573
3260581593
3588547745
1736138093
180608197
911965203
2061133694
1470638137
3484801924
1385770783
2983151857
4224372353
893208433
848509600
630275452
3696770845
3967130162
89313328
109024079
105527732
2982121651
114684302
3112077057
730131178
4206631643
931569615
1961131573
1632493199
1916113211
2443362444
2339104851
1018693587
34795707
2092005653
622953779
219979634
725867599
1055965088
643420624
4101674982
1807164580
751166070
77028084
2650236822
1917162960
1445840168
1233368557
1380378887
3768765186
1915589563
2212093752
706220299
1531889716
3359681499
1717223223
1616329458
3936624194
2977163916
1137267799
2542220748
3776919970
3541908435
1393040562
3687673906
3616951963
2483687908
4029552495
1948644186
329506380
3807232023
3532866816
463492021
512166251
2957335717
4180931593
2645447473
2553274837
1422038944
3433121546
3564703985
4134395961
671727017
3259899698
1423458369
1785608525
4221470883
687445129
2822591559
69445886
64706146
321209386
3567743409
3552015259
4007691612
528495721
4069451370
3371982092
3917199192
3747286794
2430134081
282744317
1378073120
2601742702
2797884325
2965544719
3655259693
881267395
3554557769
1642275337
374949829
3241012921
486457690
2140220443
3106308785
4258222632
2439291669
3527730853
3140989807
2546821848
2923156291
2084113633
4020820930
228776167
3245664882
1044877210
1488628976
2388270995
3604637513
3276347147
2026030702
2348694374
1774987322
750112897
2864679193
3705769445
3175275179
801539349
2559516736
1220187820
3846229939
1432430416
3402217821
410425336
3084770484
1998334293
617370568
2768689021
3696779970
2816411312
3129653829
1835072171
1224032803
3886492192
2549586408
1531058107
745592003
1114796613
3514027584
3777549663
2506935650
3711278161
843056011
3862548596
2548354246
2965722293
1223651042
1077348270
2963041514
2999823831
2446351471
2070941007
646808112
750369981
2137215894
2964111053
710496909
11213758
550015277
690045580
1941537471
2624066354
640587682
2422213510
485390711
2618107941
2284427678
3536917999
1238313718
3181080192
3876584630
534886365
3164439080
1356034364
1558149533
104295571
1699803950
3040279277
110936595
4037493031
3002362392
608756342
504836770
2222818899
4070056149
33199926
1473917515
2297360297
2621458919
3407741755
253548604
1283680447
1305567504
1641317231
4289763193
1217421408
872931846
2013115852
1307816082
3265219004
2707301662
3618233734
2629708111
736236444
2466718207
1233558849
4048947812
4271986058
3822573651
3646277437
626828059
3652055816
3979746931
944964490
2797310729
2580477117
1443862045
4256042035
1167808958
825513895
3485566748
2230534000
3494718577
4242969158
2165334017
713050074
1027723700
1479774162
3742407883
2784008852
586171171
773906793
3021722524
1116769152
1037030673
1222370621
348039016
3050026861
3292505150
522888134
1148280996
3632433329
2802547821
2910410076
723290485
1483215840
898601753
2091763025
2264358876
468242940
468876471
3815841405
1821272137
2642550883
35259231
1234654198
1392264266
395447438
1274249886
3104026883
3864692920
876613052
2732650664
2627501514
3090426347
3413066920
1026547077
1832815110
2381528553
1856897336
2743150660
212229554
223270036
2200391208
3024235047
2389102521
2260706781
2844869311
2769557464
785760939
2649576945
874240639
3258931349
939247461
2418085740
1784943314
2888209251
2491704778
3635360646
1533152954
3534828090
3501312875
892788806
2185299183
1296993832
384160423
2862721582
1396258321
2258182009
1240962882
3062193129
1794338905
2987858049
1241785460
1051133533
2775451915
1386418629
725970715
2092598488
4114665902
1379887946
2860984117
541601985
2936253249
1392413508
3214167564
3198769993
3536670565
771179214
228942440
1358056731
328863637
1614157968
4057260734
2145356812
1555843661
631847284
4018857312
2110596809
2504873537
34852696
988710576
782288520
1637983115
2012773817
559607114
1572423356
2729562840
2912011367
264545339
3253113534
1938653853
3216771123
4147317547
2404354433
1691259460
2196242846
3475872911
1466410819
3053886299
1913147790
4129933789
4141692219
1294622920
2340748279
804990390
1368244041
738915315
3693512849
38458391
2624425893
599609341
2014087555
788027535
4118737045
2249272043
2711046168
211393125
163443731
3603086551
1665424339
3681630655
1454683122
495114911
2978113965
2383755466
700858222
72824468
3474952381
4230817666
1778827843
1411191175
958491819
3319890141
4094302168
222527481
4077794287
1755634966
3546568127
1455423184
3881669628
757473637
973814490
1526066688
3856917364
3812685225
4124005524
3534926144
4483668
736837661
600152589
4262672058
73760810
287794947
3787210058
3413812150
3571073088
2884704345
3182064229
3967477583
1599509451
2553501571
2736516286
2563699492
4045165091
4138766595
111530539
3208731139
2842572520
3170464801
257090599
1688343707
3388960314
324555425
2115542787
4038405165
2774496999
2160379501
323030804
689900350
3949927066
2765053260
836770789
2589733952
332479498
1066928780
2168326505
782769738
2790472494
1203248824
1280241446
3002398660
560312170
3459417408
1595467111
164957975
1048983484
1885866032
573483118
3430130012
1421091061
403003870
3021369763
1530908432
499426889
662574982
2388850988
4286452798
4089121290
2319196151
3631797514
1227036336
1085803482
2664539359
1961410981
987042940
1716298902
1106025836
2428831361
2183730871
4115172885
2057649699
9929267
4128613281
3920050390
1877712398
1263029010
1935509209
1954465715
2616578541
588690920
3607588747
334483856
4256185701
209879709
3603244194
3105401097
137681456
4081250029
3107000052
1089007246
1857726523
986620288
2396288757
1425844887
1145938389
1823646338
394348641
1862497624
1702730354
2438983092
3856311886
1134597164
1926409945
4211462302
4279006044
1840091861
3701271149
3456475143
817989987
229505706
2816100840
660451873
890124069
3879190469
3778176002
2702995133
1684259838
3161269305
2111535141
4107351418
3044784532
2808598845
1787929373
2080037364
3410998147
832890461
2290350536
1316189682
3506468118
3917266603
1480804805
3203092894
3821798638
898444272
313999395
4115505578
3405745845
640542679
4027168278
1731517320
3185363665
81394468
1553327007
3999096728
4153715727
1638456030
3688708165
2128165207
1578899393
2071817841
3824469952
1148183689
3790546547
1723657923
1602133897
4037987441
2790889652
3749013357
1408818797
2409360971
548356796
2292302426
3233293017
526255167
2260363546
2727284900
1733327050
2099762818
1962461508
4056942724
3825651193
3408249599
504242371
2485671941
1681767439
2758773517
4164446824
2206309813
3135727824
3740935964
2830995832
2262288210
2465676365
2609274980
3981925086
1361614460
2144283928
1670312089
1135297628
2389248868
2880463469
356116374
246618550
2658104701
3828018279
1565005586
4197711849
3185895980
3297727023
2131444811
1545844310
1563877751
3193943593
709484474
1411894770
1703327924
3216461866
523764417
1761056379
731437886
935984546
1617458013
1674805666
3502592285
960538576
2998169041
703904829
3521606591
2059223023
724956253
1408941433
2219739297
4114289001
2334942441
1130073097
1085080065
3767085572
704058551
1976990036
4228457872
3450968085
755151377
3605074599
1349703968
609698582
742301418
2629450447
2525622995
403676257
3126042504
3543572786
996335431
3494096220
3335472078
2702385759
3833587754
127298411
555856352
257049792
2685812454
4221884329
2631824890
2653510799
1534625489
1626770590
2134146970
2280670347
3079239008
3841020394
710448312
1913879713
4213983318
4257510900
3338009325
1275227810
3820147186
3361451424
2879264427
471832814
323869474
3024828923
1111539816
2058379049
3715996593
3184071657
730664910
2060533991
830605431
4119911898
1617845488
3244176991
1657714569
383474551
292960115
2313745175
2406357611
3947769681
72160195
1503973016
1686359614
1022008981
790916675
542774045
11125232
368646839
1378100345
2270523969
3027300973
251941159
1323025474
777346995
1623489741
1790804220
4256338176
2524647905
862176905
3220428456
1096220362
2067720364
2169011108
4051602855
405627806
1499003413
2132812512
875927596
1808178829
3820258543
3648784365
1740542271
3168069598
4093983740
3453802772
3614390002
584590646
420322942
4027304684
498070032
2514102370
3480676943
765758562
1859736460
3369893760
749263375
1305292525
612306367
363100750
1195096732
656916029
1020988312
564825306
1030145345
2747080174
1480474059
822892597
2574290919
1392176435
4102020609
3883407651
3558888261
1234186376
2792482826
925056199
3039545102
258900325
290031882
1035262806
1369920547
1538294761
1545094315
1545094315
2372851911
3818018906
4294832034
395533794
3247164934
3847732774
205672506
4062826037
2990303264
919331527
3025704851
2911879056
914584347
2259313338
821254782
239326698
3051351203
2813511265
2603848781
4185996726
3484607288
2644044971
2602191101
1630474641
3263040351
2601590838
1302440939
753108334
1716205033
622556929
2222303360
2331210034
2208498866
2859724706
2859724706
2859724706
2859724706
2859724706
1530424817
2148081707
3426180182
39954898
3825826989
4126060879
2880455644
766532782
1391924000
3568021388
2669421218
2476716388
1550729188
510814074
174310792
3973202913
4054518254
2576433932
1270143526
2621245831
455831235
3361991484
3438649338
907730391
2971334310
4013682623
3543371670
4107728165
2982321860
3898389683
3423844306
3691181382
4127250796
2246141519
3645018364
1229091904
61629495
1102230166
1508115974
3007159547
3188831294
4218554625
839218105
1452259825
3025778757
2221940790
2416467428
2427741660
3455889647
3113648560
4028078729
2835423850
355655405
3948665721
496349971
3347715302
1600440108
1403967439
4069211006
467577075
3602502001
1969006947
2299700087
1702737711
1719407611
1742587635
2664995061
1586309252
3144758301
1997179417
4221151032
2219129573
2550695343
2855385612
2691466817
4198563701
3736796749
408568810
1672120370
4157335064
402419274
934306277
3856763901
2656118684
3325029990
2868541557
885036568
768361967
1200575351
1292134791
3691826986
1463312969
103114784
974265776
613198009
1828596068
3048451194
2538603350
1090250720
828839333
2708364234
459360337
44090493
1914537675
3706053440
2351132193
931723869
3687205133
562046785
2158472093
2924375420
3691344143
2644383123
3665787400
2702761975
3537492128
3958060427
1362259912
4019361608
506585994
3779995254
1236275098
3688642301
4166586823
685471054
734023103
1970749798
3027150766
1841264740
4117793584
3020029506
1542336652
2900123544
999851591
1457386118
1717403720
781371754
3490843975
877650978
791618713
3686340928
1176554812
2827549353
2542168346
3857888233
3802617112
755644516
3013294273
2979587797
2326816520
1156161462
3598862750
1980933098
878110825
792095058
572208777
2805656241
2243487356
3107704937
1747002175
4135425553
3506258064
64856041
3526724374
2457366615
4113368203
2417888334
2806438959
2266557706
2650772300
3318344999
2868654599
1332474476
1349313002
3902873765
133561087
1869452081
3499272063
2128272940
2062210259
1642150066
597815162
285460919
3273408309
773826809
2990969115
2851716491
2076390652
4144216947
1226845086
1691556326
3011427156
2010903452
3073144939
3369294514
29632240
3986014643
3986014643
3986014643
3986014643
3986014643
1162915553
1422540866
213230795
2362936300
4140253283
2707104503
2865071072
3130968859
2902811922
1524311634
1974642911
1628013320
1689114175
2190134088
3554952506
1947008253
3080771787
2099750087
3024959762
1781525747
2302360420
2277468674
668237230
2340283975
3335262901
93783592
3100144811
779466343
3321940889
2619665937
1079176491
2734318976
22369094
3706944496
4192182021
2336398644
4068873600
1033769215
2492914678
1657156932
3405811913
498842931
46413522
4080248388
3394125968
2596875498
3343835311
2002395721
4069170531
4062616731
2166520861
740234138
3671126811
821662345
1956783692
258589021
1604963600
4062518894
3541857863
2366888525
4051613767
3929562925
2150707739
3655116132
1091050404
23006853
357333516
3159726223
163636759
3142439612
3809552835
2211714396
3125662412
2905871956
2965843838
3982691242
3136750433
3249612214
4191197506
3064808027
303345677
180179686
1763055623
2666726912
645705175
593551154
3613310294
4102451322
764656941
3258976350
3785961726
636658856
1730205183
2826439636
3524650050
1295410347
865729868
2124376630
541207242
4223052175
2327369432
2327369432
2327369432
2327369432
2327369432
2327369432
2327369432
2327369432
2327369432
2327369432
2327369432
2327369432
2327369432
2327369432
2327369432
2327369432
2327369432
2327369432
2327369432
2327369432
2327369432
2327369432
2327369432
2327369432
2327369432
2327369432
2327369432
2327369432
2327369432
2327369432
2327369432
2327369432
2327369432
2327369432
2327369432
2327369432
2327369432
2327369432
2598603422
1185042653
3549240376
2884149278
2827314785
1569297945
2515288094
678185329
1466215378
1583067408
2323099061
1272322447
3551309362
4216672991
4192364628
2777662435
592711122
2787830090
2548326962
3295780180
605038206
393731559
1881753370
117284473
3693468050
2998730308
1323310976
3965720898
860282933
1040803851
3339321631
299103401
3455658762
3820249041
3813497094
1847507139
1349924761
3301882168
1221722571
156733165
3790463377
2632545348
397259011
1791684990
2750894583
520927242
1767090542
3572801909
2818679894
10711906
755663659
258712108
583270892
1919574932
576113127
2127624967
2645357279
3345236233
2976592138
1254227747
3864110441
164024829
1637555694
1371986692
2078141194
1038590765
2915780614
2873305164
981969848
322250376
4141690644
2003388259
83529486
3273586653
1411458905
3173138220
734763900
3724871566
30063554
369484467
1390644089
3325127485
760817177
3896900829
2499188912
2562495616
3758988599
4003414555
2767093042
1149545868
3344382258
3461138452
2908514982
2400771048
2605067660
2062730075
2917840759
3350145310
3807975784
680545051
382206471
3893416295
3608030642
2339562186
1646168542
3817191521
1675225431
2869333567
3389714885
1873409570
2840446086
1095319400
3759604239
2081544256
1089732054
3957955183
3715569518
4198901714
2713470701
784431610
1297812685
4238231434
374124805
2581413042
1576344121
4281402745
1677305478
2826858338
440043360
2772811756
4120164880
9352551
3469987393
2143584159
2673493038
806311397
487351262
832776170
4041410307
2827566838
2076632808
2992209140
3574831100
3095084761
3865343091
1850589153
1074417536
1120809763
2042552998
88252674
2870050464
4097961453
3205276006
1724794885
512731844
3067777288
1692336396
214315559
2314637152
592977704
637968147
330147426
699639201
2963211031
2659694789
4045897629
3139432989
1630424294
3465225200
2288389341
1047386244
2928239899
189640082
1553844084
111129934
1923872224
504209034
2708381490
3614440815
2407123509
1358833227
3915029652
3510871042
338518818
708209543
842111222
3944646141
2697659105
2493514467
260492479
4233403360
1282601597
2507669137
2159420927
4145303265
599670662
91353602
2495782025
2135082013
4188501825
1140281385
3902410622
1870751781
3487909786
722914084
3346652930
2322063026
2947845083
3301792016
953732406
2448691663
2797823844
1769539126
3696759777
3707827982
1914963538
1011277116
1404600356
715705015
2537407542
3315770710
4206973995
1942257911
2864216258
1806186103
2906238682
2052140304
2238884474
2291344254
1523661184
3605274251
661350241
3744365160
689298308
1142518885
146244528
759519870
3814470680
3892700737
2557410941
2618237065
2025495014
1537442712
2845527154
3467176191
1206739138
809904359
2385266810
1316431920
4182779226
3003738851
2682423921
363141248
2798182118
2923411364
4148552662
4153065098
297236181
3907022297
277660280
2803712858
2800395906
603826678
513030439
459695257
277404385
1446021476
227831398
1426767654
4021111987
2514576177
2380963989
396494654
2907004184
4269223331
1166514881
2632334378
3224259775
3528460472
1736760782
3947420646
1998624813
3962225590
1835489130
2976325590
3045542281
2298898695
3110231295
2699218197
3807990027
3709554920
214513122
1648542252
1487176245
1455348245
1551940491
384404152
213714683
1331595388
3278360506
688568611
1005455610
3932834285
1389521071
697157201
3503116449
3796148427
2163405656
2081109836
1229232742
53638327
4115123072
2427832571
3657851382
340805958
1930594815
1816814029
2415715168
4001012398
2713905386
1040353643
800657996
2168529015
1936260549
3280086630
2464499494
2245703209
3911289265
986333675
1135698511
2685250047
4119666588
2720502126
373695822
2904895893
1027137649
102729311
2150793728
14861464
1964150091
2640683989
1843306439
1348803959
517320608
1925700162
1442207418
187015186
1669306228
1562421538
1256448214
3789350508
3418156937
88327848
3392241967
997536600
2522326927
3119713652
168157468
1476627243
2926638161
1454535845
3810219607
2940757205
3800613737
1386237975
3463146796
2903255165
2279240937
2984271374
3974438207
3622569870
467608940
511281832
1608667057
708075753
571190344
26799894
1928288886
3897441372
2009139513
1359195858
1052612867
3577203415
910022680
2592492232
3121638142
2229779601
3800402566
224668300
4172175599
2361994564
2875008926
1103829894
1481907952
1378346580
1966428579
2117895716
1537236315
916043524
1947554228
990058762
4077105021
3799491237
328591736
2745281089
4088719428
1833608389
3972377295
3594587751
2090480879
607767390
2317456772
2703468001
155444671
2927257353
3112418042
2114936839
4073692327
1338315054
739157982
2345137242
518103546
146688047
606163927
1165037997
2626690846
1433100702
4047918901
3087876955
4015456058
1235325545
4196738722
4125183090
3355588071
3413495054
342758609
2280437993
3953404893
2880058821
748083759
574187827
1729266838
700718881
3730440208
2956940793
2248644599
97960997
698352094
1942032715
2221082266
752045012
3581374121
2067131789
1075646321
3337242852
3210161876
1216303156
1820936863
4084678838
1351592267
1542247032
4006474146
317662979
834035373
756664321
1481506182
1591058318
4229610110
1374153624
1058921238
2410005973
2838616665
2473390553
879719688
1355365053
2147945247
2967519714
419976242
1115961415
1085389860
2425230336
2410255797
1239837498
1304209508
2663855715
1300592434
4005253851
2476471728
449755085
145504501
2272913044
3994552797
298367040
3296663082
4080222636
3418936824
3350241202
1008734985
2709853427
3480442736
1313143480
719151368
2827656815
797708109
167001401
849746185
2831673109
2476420954
3839175455
544803726
1058670191
800144730
4019169028
1322673894
3299945554
3721915443
810395363
3861640027
485634190
4118539042
1605242570
4245333351
3596053763
4285849046
559244276
959832927
3007782877
3181762718
3661139293
486232354
1434114881
2092418867
829566426
2461494312
1356851900
4136592604
52283972
4103150514
2128163970
1175742911
281233139
3396137083
1169438875
2485196183
1338878445
1440197223
1578288661
1920295007
2515858196
2885534771
3596559925
2762117378
1672596057
496157990
339508642
385677840
2360132585
2898860226
2482250651
3280903270
2116811360
1362963569
635875109
1157853159
3817258742
3387462453
1778219576
3617329700
1754472370
3171741533
1226332917
2283576081
1511457688
3861537327
746476239
1354454965
3828980953
300630427
3008361409
3826330325
4038324483
4038324483
754833492
75542119
4118119958
3402029338
3648643316
35886745
31247884
159369676
4236303529
3062004252
295552976
1286697857
3211187263
2389949474
207670538
207670538
207670538
207670538
207670538
207670538
207670538
207670538
207670538
207670538
207670538
1306363464
3742690275
2323355965
2604040964
3067903384
1759629816
617556941
3561786580
940263558
216728378
1666871323
1306224554
3314691059
30637091
2913226158
2532248692
3686699332
2732591437
3850962393
871927881
1591873697
3882494735
2525329570
3762986769
775565507
4072456020
3455151551
249776609
2841308519
788853317
2272668866
3294515880
1939645058
3594818816
930933581
3202432475
898772332
2839648834
865784125
2886527533
477430803
2490726683
3104395997
753692214
3617063469
50148763
1359978774
1743518764
3553733730
2676477829
1400106910
3904539530
1962125698
1128847102
1189761322
2387216583
221458864
3538347834
3750357401
1186384644
1386296216
3379414832
1530279468
1496518587
311750552
825880649
4229245871
4261624942
3810248950
3404544783
1627056810
73705050
2456358157
576614876
2077804950
1182769190
340684923
1367574927
3862066440
2874576273
2912682584
828981302
1401677281
1992015140
497112413
3105939903
3788762498
2805581794
2240847644
1252717230
131995639
1674327799
286560659
3378310984
3586353171
2874805609
2742731220
2742731220
26844840
2784327673
2483511495
463544604
510208777
3338093593
4160723672
1511179456
4241870222
1560985509
1934964385
2895109066
3674858072
443705077
2340707568
3476390360
4140371526
3823975519
373595489
2038753834
2330279466
3008132028
2713108790
423736310
3138763640
2210486461
1542442081
3409825204
3485787285
2204030290
2933128899
19488209
1409963020
1670412146
2250780033
1309092249
1335364674
2089368647
948435374
1352131428
3467405608
4004680036
2655988991
2076708552
2013304805
2182958063
378600573
2099919559
4038612107
66344403
973074737
22893060
3461656008
3790131442
4226037460
2524823787
3600912014
90533972
1009390828
1178771565
4269641036
1189689040
1563665775
3612669197
1938503677
2548266592
3817199347
334764176
4071150882
584143818
3370237655
610244807
2111205346
486516752
1681736819
1814944725
2057124436
290387427
3775967214
709008167
2877081272
2401418839
1606436460
649974565
3881580195
3343956882
3021093950
787085533
1325146158
3608461692
2174532882
523056570
3227707690
2163934315
1982908965
989423920
1213028426
332891611
1649716849
2461773930
1369513051
3275384598
3275384598
3081949615
1879184752
2408577875
636938875
4140304409
2700336713
1871034461
260674368
1431869211
3579233241
908091947
3679612032
2510517536
1436251587
258394166
3727658088
2184424669
1009396941
686000475
653180710
1003580674
244972052
834106096
3060074390
3296796004
1809528653
3300814569
2948216027
3950086
2043941642
1626796431
870566177
1675272822
3270167017
1572801040
3765327522
3754457452
2347485212
3133563005
3757905755
2567721634
3469084506
507809282
17492324
4105263940
1266683271
661943066
3856631966
2705190694
3340767597
2667586491
1115508323
1578768368
950142308
1165109645
3902093112
1091355217
2749515784
4288797712
1634791035
966682923
1653979877
556306134
3588530194
2459039431
2603613992
2496419245
71454750
827300870
2782500946
2734104271
71792811
1398431113
526365922
371122966
2567679322
2310674156
1780636941
2100866087
3505521945
2993599468
1560659812
1277898919
3013282256
2950651808
3764360079
2587674215
3184651790
2655807903
954968820
1048603286
3950692541
1195090235
3233187691
172793839
260609743
2464868008
3457327086
3785614062
971555571
3082859057
2290400072
1906865144
3950244669
3887616358
2910578887
3388357628
913002443
158977206
3856170088
3992389926
1118149998
2669521548
3620462851
416065808
734040820
3884653528
2262272738
4172335280
2149126092
30065864
1074867817
3132432405
3776305117
1576447162
1284109898
2596113432
1821441201
1546601198
2176929717
2170662414
3830267050
3649587509
1880886407
1877594480
1399330860
1794663586
4014644091
2050480022
4056112339
105387066
3367704154
247064927
91809441
3641101730
1074783784
1280814818
2185910061
225705938
965131611
644336931
655393489
1030994884
3194923009
379218365
3643560928
1400816416
2677469690
485061780
4260815825
2576399604
4122780449
3448665993
2452392560
3055046749
1073500544
753576994
3211305744
1458103609
3762620797
427562818
2944845751
1244121817
3049327629
1167354580
2705213117
3769365299
2303125192
4073409405
1065461097
2631187847
198376845
4021744352
3973257105
2503377958
940454009
1398100836
3262649863
515175991
3700691553
3009828186
2782570711
2747432703
4074118454
1152123272
964024128
3604151313
2937408433
3294980696
4224134242
3267758459
2655729924
531794699
1413751279
2036311035
2451670668
2568019174
1313026265
531489068
450381694
734159463
3253553156
411205047
1329410713
3980453997
2872076535
215810433
2728024535
749616495
1856842377
2455648733
2292459545
272899753
3433619858
800311741
2808833242
1891801933
1106849694
2131464158
1464532449
3001134513
2533210009
780378877
819549931
1589693059
1552005247
3764429826
3988972491
2481297634
3831005306
2350039986
2979678874
3504615052
3618237817
2342080093
1967952751
85341867
2008975167
3875473387
3656732103
856599028
1357014421
471694348
1009267142
610712577
2865655237
2626026987
3143819106
3601278457
2535249090
427290076
3212137372
3624343368
3624343368
3801922505
3160111098
2308703761
887892424
4272760083
3270256341
4081706007
1670589427
3762932339
1326849853
3599332557
3540809345
3480788550
1448725958
1814929719
366366254
3854147383
4238727621
1469755997
2218361687
3981307604
3595350570
4253235087
3144627455
1011485617
135441470
3274061500
3833043040
1001140443
2845091187
2845091187
1626931814
3768737820
3910128568
3910128568
3910128568
3910128568
3910128568
3910128568
3910128568
3910128568
3910128568
3910128568
3910128568
3910128568
3910128568
3910128568
3910128568
3910128568
3910128568
3910128568
3910128568
3910128568
3910128568
3910128568
3910128568
3910128568
3910128568
3910128568
3910128568
3910128568
3910128568
3910128568
3910128568
3910128568
3910128568
3910128568
3910128568
3910128568
3910128568
3910128568
3910128568
3910128568
3910128568
3910128568
3910128568
3910128568
3910128568
3531643458
660422796
163325646
430006507
2341680228
1469558773
3665847780
3204236998
2983973855
3438911133
2030821125
1977126267
550367807
2159414495
1361642866
2930306780
1001148998
3974008583
491799704
1228399806
3013658615
1490170945
2694032318
941061165
4037144390
1135891653
2928566193
571682458
2825783497
2899441161
1096651387
3248335116
1668791399
4196107503
2672345357
1193586104
241169655
170973284
827823218
355952056
1380201556
1842749432
2771843191
2758110033
508012209
2036361190
3666514063
4170365179
3930133156
1614651383
1477146685
3653809422
3539653692
4101490489
2457444546
4145874726
3660364523
3197237723
2887701145
691348177
965865350
1812329071
1176301182
1888937553
1752064034
3548848368
1280920271
318346786
3515214098
4100997612
443389500
565557041
1459860110
1949346743
2421973110
2706506607
1041629936
3369259288
3933893618
2252937485
2754699985
2073203556
636247602
3590346543
2042934363
1508198773
919119086
1595033082
3293297705
3587229545
1181178186
2777853006
337706487
2131722590
1979067300
504403834
928952542
1153362342
2126962223
1425549541
1329594623
1091303817
1025347841
2484499487
2366015221
1437764462
3977124426
1145999634
1865906959
432024109
1693447622
1167302065
856639106
3230170561
767801582
1423066537
66456217
4002258420
967761195
1071943696
2833833444
1014565651
4167278592
2810032917
1877573480
671550621
2308159809
253603249
393691089
855062003
3445729085
4210976601
1978982558
4026323204
315511025
3691582886
2669357399
3182292741
606846520
2310973456
1198584502
4017348377
1904780794
170719638
632055772
612158215
421892701
1742506095
305216897
2359835110
2380421877
1438872511
2759368479
3682416847
2611918067
1630568257
243438122
2836588940
2314639699
1908530426
4131819319
17053513
471351571
1464564968
220467507
3747574084
802387804
634495669
626383505
1536789372
3115450804
1631158625
3363157217
454898661
2421923245
1360465012
3789471224
4214410234
1387907966
2602293705
2194755745
1343839470
2868272501
1671649214
1779273026
3354579185
15049369
2952999197
810453902
1621017085
2766354297
3519386905
336576477
2955734854
3855220190
3323702903
2122628565
3410884464
4108147321
323866820
914333984
2311006395
1472034967
3828095873
23714840
3904841527
2824295373
562058070
1915563128
1266493679
1657948072
1232711998
2787800590
1501988891
2172642659
3307104188
2955101034
993356628
2798571405
2076089864
1898884235
4096279485
2503498690
1683923261
2678416275
2611732791
3040000600
3576433552
3155404662
858381460
1763533835
1357816184
3022707882
3667728318
4013329845
2456855779
4088302547
587207665
2441306613
2515951203
2741405306
1052696035
3821650151
1621924961
399831481
322917477
2837296211
3039209417
1125802494
1605396883
2200401365
536561701
4085081425
1207554446
1725933606
