170035961
966950522
966950522
966950522
194041211
194041211
3789955068
3789955068
3789955068
215106941
215106941
215106941
215106941
939899902
939899902
939899902
671692927
671692927
671692927
1027269504
1027269504
1027269504
1027269504
3449718657
4261764482
4261764482
4261764482
4261764482
4261764482
135123075
135123075
3443259204
3443259204
3443259204
3381542981
3381542981
3381542981
1868407238
1868407238
1868407238
1868407238
2709485255
2709485255
2709485255
2706449352
2706449352
2706449352
3953023177
3953023177
3953023177
2949884234
2949884234
2949884234
2949884234
2824884299
2824884299
2092601804
2092601804
2092601804
2921271117
2921271117
2921271117
1934420558
1934420558
1934420558
1934420558
2708227279
2708227279
2694824016
2694824016
2694824016
653637201
653637201
653637201
4119521874
4119521874
4119521874
4119521874
4119521874
2946800724
2946800724
2946800724
977620053
977620053
977320790
977320790
1154843607
1154843607
1154843607
1154843607
1154843607
2042386264
2042386264
2042386264
2042386264
2042386264
2042386264
304390617
304390617
2875505754
2875505754
2875505754
2875505754
2875505754
3584571355
2123195740
2123195740
2123195740
2123195740
660925149
660925149
660925149
3286332254
3286332254
3286332254
3748129759
3748129759
3748129759
2672628320
2672628320
2672628320
2672628320
3513082721
3513082721
3513082721
1636229218
1636229218
1636229218
3156575587
3156575587
2651866660
2651866660
2651866660
4258191013
4258191013
4258191013
3751775014
3751775014
3751775014
3751775014
2519403559
2519403559
2519403559
2694149544
2694149544
2694149544
305557419
2779701292
2779701292
2779701292
2122036653
2122036653
2122036653
3142654638
3142654638
3142654638
3142654638
4208637103
4208637103
4208637103
1021017136
1021017136
1021017136
2683287601
2683287601
2683287601
1972557746
1972557746
1972557746
1972557746
345561523
229383220
229383220
229383220
229383220
2488745269
2488745269
2488745269
4001652918
4001652918
4001652918
2048136119
2048136119
2048136119
2048136119
667930168
667930168
667930168
1985656505
1985656505
1985656505
3630529338
3630529338
3630529338
3630529338
4107529019
1575529404
1575529404
1575529404
1871186237
1871186237
1871186237
1871186237
4149626814
4149626814
4149626814
2191287743
2191287743
2191287743
2330573504
2330573504
2330573504
2553526721
2553526721
2553526721
2553526721
4224747330
4224747330
4224747330
1455044419
1455044419
1022966532
1022966532
1022966532
4291466373
2102025222
2102025222
2102025222
2102025222
2102025222
3856476423
3856476423
3856476423
3856476423
4236950664
4236950664
4236950664
2835915913
2835915913
2835915913
2835915913
3251780234
3251780234
3251780234
1552527883
1552527883
849789836
849789836
849789836
1411441165
1411441165
1411441165
3744085006
3744085006
3744085006
2134008847
788567696
788567696
788567696
788567696
4009741201
4009741201
4009741201
3128800402
3128800402
3128800402
3492786707
3492786707
724506132
724506132
724506132
3408977173
3408977173
3408977173
3408977173
27651606
27651606
27651606
4085932951
4085932951
4085932951
3724623256
3724623256
3724623256
3724623256
3586876313
3586876313
3586876313
3795249946
3795249946
3795249946
577145755
577145755
3927743132
3927743132
3927743132
761620381
761620381
761620381
3364455198
3364455198
3364455198
3364455198
1827248671
1827248671
3551818656
3551818656
3551818656
3551818656
2531579169
2531579169
2531579169
2531579169
990498978
990498978
990498978
3636046499
3636046499
3372666980
3372666980
3372666980
203805669
203805669
203805669
2894066790
2894066790
2894066790
2894066790
3310064615
3310064615
3604889448
3604889448
3604889448
4045393257
4045393257
4045393257
4045393257
2304548330
2304548330
2304548330
2304548330
1369982443
3470186988
3470186988
3470186988
3470186988
4084142701
4084142701
4084142701
385681774
385681774
385681774
190820975
190820975
190820975
3371057136
3371057136
3371057136
3371057136
1900602097
1900602097
1900602097
120054258
120054258
120054258
630622835
2051598068
2051598068
2051598068
2051598068
933694965
933694965
933694965
3344427510
3344427510
3344427510
1235578487
1235578487
1235578487
1235578487
429593848
429593848
429593848
170035961
170035961
170035961
795612922
795612922
795612922
795612922
844019195
3789955068
3789955068
3592703484
3592703484
2296518269
2296518269
2296518269
1976613118
1976613118
1976613118
1056948351
1056948351
1056948351
1027269504
1399027328
1399027328
1399027328
445461761
795431298
795431298
795431298
795431298
795431298
810903171
810903171
3443259204
3443259204
421617860
2548788293
2548788293
2548788293
2548788293
3629342662
3629342662
3629342662
1604907975
1604907975
2706449352
2706449352
2706449352
2621556297
2621556297
2621556297
2621556297
2621556297
2091337290
2091337290
2091337290
98757707
98757707
2092601804
1401966925
1401966925
1401966925
1401966925
1401966925
2680017614
2680017614
2680017614
2680017614
1339296207
1339296207
1339296207
2694824016
2694824016
3937934800
803634257
803634257
803634257
803634257
1560699602
1560699602
1560699602
520266579
520266579
2946800724
876969044
1332472405
1332472405
1332472405
1332472405
3348346838
3348346838
3348346838
3348346838
2532906199
2532906199
2532906199
2042386264
2042386264
2042386264
2634357721
2634357721
2634357721
2507194202
2507194202
2507194202
3293201243
3293201243
2123195740
2123195740
667282524
667282524
1017016285
1017016285
1017016285
3622700638
3622700638
3622700638
1972279007
1972279007
1972279007
3372329696
3372329696
3372329696
1219210209
1219210209
1219210209
1219210209
1219210209
1219210209
1219210209
1219210209
1219210209
2592113060
604068901
604068901
604068901
3404159014
2038334631
2038334631
2038334631
2038334631
2694149544
2694149544
1380417832
1380417832
3167010473
3167010473
3167010473
3167010473
3167010473
3167010473
3167010473
3087689770
3087689770
3087689770
1885313707
1885313707
2779701292
2140153388
2140153388
871614381
871614381
871614381
3275797166
3275797166
3927951407
3927951407
3927951407
3927951407
3927951407
1021017136
3440417584
3440417584
3018794417
3018794417
3018794417
1480001202
1480001202
1480001202
1480001202
2115643827
229383220
2209626164
2209626164
2209626164
3702927285
3702927285
3702927285
1595582134
1595582134
1595582134
475051191
475051191
475051191
475051191
667930168
3759188152
3759188152
3053472442
3053472442
3053472442
3053472442
3053472442
1575529404
1575529404
1575529404
1575529404
1607675070
1607675070
1607675070
3618093887
3618093887
3618093887
3618093887
3618093887
3618093887
3618093887
3618093887
2330573504
2330573504
2330573504
2912409280
2912409280
2334396609
445898050
445898050
445898050
445898050
1522440515
1522440515
4272700548
4272700548
4272700548
969159301
969159301
969159301
70974470
70974470
70974470
70974470
70974470
1621160327
1621160327
1621160327
4236950664
4236950664
2568388488
2568388488
2543907337
2543907337
3275841290
3275841290
3275841290
3275841290
1837807115
849789836
849789836
2895806092
2895806092
2463474062
2463474062
2463474062
2463474062
560009359
560009359
560009359
788567696
788567696
3461853200
3461853200
3461853200
3461853200
3267739409
2089880722
2089880722
2089880722
252975379
724506132
724506132
724506132
724506132
724506132
1379487892
1379487892
737445397
737445397
737445397
376304790
376304790
376304790
735027735
735027735
735027735
735027735
3341747352
3341747352
3341747352
488503964
488503964
488503964
488503964
488503964
488503964
488503964
488503964
488503964
3051552413
1291271454
1291271454
1291271454
1291271454
1291271454
774724895
774724895
774724895
774724895
774724895
774724895
3168071328
3168071328
3168071328
3168071328
1136504353
1136504353
1136504353
3270776354
3270776354
4212686499
3372666980
3372666980
3372666980
3372666980
3372666980
2851998437
2851998437
2851998437
812637158
812637158
812637158
812637158
3442180711
3442180711
3442180711
3604889448
3604889448
3826029544
2455949033
2455949033
2455949033
2455949033
1257403242
2966285675
2966285675
2966285675
3470186988
3470186988
2876219756
607700333
607700333
607700333
3734579822
3734579822
3734579822
3734579822
3734579822
2907044079
2907044079
3371057136
3371057136
3371057136
3629788016
426805873
426805873
426805873
426805873
2885649138
2885649138
2814060787
2051598068
2051598068
2051598068
1624033908
1624033908
3585233653
3585233653
1432740598
1432740598
1432740598
202409719
202409719
944475000
944475000
944475000
944475000
944475000
865580153
865580153
865580153
795612922
795612922
2463814907
2463814907
2463814907
3592703484
3592703484
3845935869
3845935869
3845935869
3845935869
3845935869
3845935869
1713084926
1713084926
1713084926
2688122111
2688122111
2688122111
1399027328
1399027328
1399027328
209446657
209446657
209446657
209446657
2769756291
2769756291
2769756291
2769756291
3999228229
3999228229
3999228229
3999228229
3999228229
3999228229
2939182278
2939182278
2939182278
2939182278
2939182278
2600056903
2600056903
2600056903
654144584
654144584
654144584
2621556297
2621556297
3575230409
3575230409
2253225162
2253225162
2253225162
3748172620
3748172620
3748172620
1401966925
1401966925
4257376973
4257376973
3937561166
3937561166
3937561166
3937561166
3937561166
3293754447
3293754447
3293754447
3937934800
3937934800
3937934800
219998801
219998801
219998801
219998801
2968710866
1869210963
1869210963
2355834197
2355834197
2355834197
2355834197
2355834197
2355834197
2355834197
2355834197
1883778134
1883778134
2135592663
2135592663
2135592663
2135592663
2135592663
1875241304
1875241304
1875241304
2634357721
2634357721
3578344025
988751834
988751834
988751834
988751834
3496813531
667282524
667282524
667282524
667282524
3441828317
3441828317
3441828317
202330078
202330078
202330078
2798459231
2798459231
2798459231
3372329696
3372329696
3372329696
3372329696
3585394913
3585394913
3585394913
3732727522
3732727522
3732727522
3732727522
1980808803
2592113060
2592113060
2592113060
2592113060
391278117
391278117
391278117
962566950
3355061287
3355061287
3355061287
3355061287
1380417832
1380417832
3830653993
3830653993
3830653993
3830653993
3830653993
3830653993
4121456426
4121456426
4121456426
1520130987
1520130987
2140153388
2140153388
2140153388
216904621
216904621
216904621
216904621
1363126574
1363126574
1363126574
1684174895
1684174895
1684174895
3440417584
3440417584
1824453297
1824453297
1824453297
1867286962
1867286962
1867286962
1867286962
2844030643
2844030643
2844030643
2209626164
2209626164
2209626164
2567396789
2567396789
2567396789
914280118
914280118
914280118
914280118
1775926967
1775926967
1775926967
3759188152
2963121465
2963121465
2963121465
2963121465
2963121465
2963121465
277470650
277470650
277470650
2024504379
2024504379
3260728124
3260728124
3260728124
3260728124
3260728124
1607675070
1607675070
1607675070
3216472382
3365574847
3365574847
3365574847
2912409280
2912409280
2912409280
2912409280
2501304897
2501304897
2501304897
3192935106
3192935106
3192935106
3192935106
504462659
4272700548
4272700548
4272700548
783981701
783981701
783981701
783981701
3704121862
3704121862
3704121862
2272891143
2272891143
2272891143
2272891143
2568388488
2568388488
2568388488
1396395785
1396395785
1396395785
674469002
674469002
674469002
997897227
997897227
2895806092
2895806092
2895806092
3742297101
3742297101
3742297101
3742297101
2639924494
2639924494
2639924494
3323707023
3323707023
3323707023
3461853200
3461853200
3461853200
3461853200
2679065489
2679065489
2679065489
3174320018
3174320018
3174320018
3702701843
3702701843
1379487892
1379487892
1379487892
2936126613
2936126613
2936126613
541756310
541756310
541756310
4105722391
4105722391
4105722391
4105722391
3341747352
3341747352
3341747352
3016712857
3016712857
3016712857
3016712857
3474954395
3474954395
3474954395
3474954395
488503964
488503964
488503964
488503964
2566868509
2566868509
2566868509
353175454
353175454
353175454
95083551
95083551
95083551
95083551
3168071328
3468593057
3468593057
3468593057
3468593057
3468593057
3740856739
3740856739
3740856739
3740856739
3370821348
3370821348
3370821348
2851998437
2851998437
3816091237
3816091237
3816091237
981717222
981717222
981717222
2190548327
2190548327
2190548327
2190548327
3826029544
3826029544
3826029544
4271320937
4271320937
4271320937
681966826
681966826
681966826
3707681003
2876219756
2876219756
2876219756
2876219756
2617237101
2617237101
2617237101
2617237101
2751674862
2751674862
2751674862
1797939567
1797939567
1797939567
3629788016
3629788016
3629788016
3629788016
3649076209
3649076209
3649076209
855221746
855221746
855221746
2239463411
2239463411
1624033908
1624033908
1624033908
3920874101
3920874101
3920874101
3486416246
3486416246
3486416246
3486416246
2070799479
2070799479
2070799479
577893496
577893496
577893496
2644862716
2644862716
2644862716
2644862716
2644862716
2644862716
2644862716
2644862716
2644862716
2644862716
3845935869
3845935869
3845935869
3706838781
3706838781
433140094
433140094
433140094
3628863999
3628863999
3152094976
3152094976
3152094976
3152094976
209446657
209446657
209446657
209446657
2666291330
2666291330
2666291330
2573782019
2573782019
2257699012
2257699012
2257699012
3568711877
3568711877
3568711877
1357525703
1357525703
1357525703
1357525703
1357525703
1357525703
1357525703
2243134280
2243134280
2243134280
2243134280
3575230409
3575230409
3575230409
3931328202
3931328202
3931328202
3731183819
1992650444
1992650444
1992650444
1992650444
4257376973
4257376973
4257376973
2731324238
2731324238
2731324238
2731324238
491367119
491367119
219998801
219998801
219998801
219998801
219998801
219998801
2309101521
2309101521
3141356498
3141356498
3141356498
4076105555
4076105555
927837268
927837268
927837268
2355834197
2355834197
2355834197
811014102
811014102
811014102
2387296727
2387296727
2387296727
2387296727
3933466456
3933466456
3933466456
3578344025
3578344025
3578344025
89958362
89958362
89958362
89958362
2828509019
2116669276
2116669276
2116669276
2116669276
3441828317
2640057437
2640057437
4083542110
4083542110
4083542110
480345567
480345567
480345567
480345567
3581125472
3581125472
3581125472
3585394913
1655290977
1655290977
90048226
90048226
90048226
1950623203
1950623203
1099183524
1099183524
1099183524
391278117
391278117
2598399398
2598399398
2598399398
2598399398
2598399398
1137702055
1137702055
1137702055
2830453032
2830453032
3830653993
3830653993
3830653993
566342826
566342826
566342826
566342826
566342826
2072219179
2072219179
38649772
38649772
38649772
216904621
216904621
956680238
956680238
956680238
956680238
956680238
365349807
365349807
365349807
4181877296
4181877296
4181877296
1824453297
1824453297
2250352049
2250352049
1746667570
1746667570
1746667570
4077301683
4077301683
972877108
972877108
2567396789
2567396789
751583029
751583029
3625797558
3625797558
3625797558
2736935351
2736935351
2736935351
2736935351
3927673016
3927673016
3927673016
2963121465
2963121465
818988217
374991802
374991802
374991802
374991802
2130222907
4077626556
4077626556
4077626556
3925065917
3925065917
3925065917
3925065917
3216472382
3216472382
3216472382
435915327
435915327
435915327
435915327
348592576
348592576
348592576
2501304897
351814465
351814465
2185476418
2185476418
2185476418
1537836995
1537836995
1780096132
1780096132
1780096132
783981701
783981701
3673914373
3028939654
3028939654
3028939654
3028939654
3948696711
3948696711
3948696711
884556808
884556808
884556808
884556808
1396395785
3337883657
3337883657
3034051210
3034051210
2312227467
2312227467
2312227467
1019338252
1019338252
1019338252
3742297101
3742297101
1731568781
3550733198
3550733198
3550733198
2692470159
2692470159
2692470159
2692470159
820265232
820265232
820265232
2679065489
2679065489
4002492049
4002492049
2306955538
2306955538
2306955538
271726995
3330963348
3330963348
3330963348
3330963348
2936126613
2936126613
2517814933
976642070
976642070
976642070
837794327
837794327
837794327
837794327
488617368
488617368
488617368
3016712857
3016712857
289712153
1390675226
1390675226
1390675226
1390675226
1327731611
280346908
280346908
280346908
280346908
2566868509
642657053
642657053
379265694
379265694
379265694
805250975
805250975
805250975
805250975
2189065888
2189065888
2189065888
3468593057
2964827938
2964827938
2964827938
2964827938
2964827938
3627441059
3627441059
351805796
351805796
351805796
3816091237
3816091237
3816091237
3816091237
2919801318
2919801318
2919801318
1827484775
1827484775
1827484775
1798888936
1798888936
1798888936
1798888936
4271320937
973555305
973555305
1355220458
2051784556
2051784556
2051784556
2051784556
2051784556
2051784556
2051784556
2617237101
2617237101
961818861
1498981998
1498981998
1498981998
1498981998
962813679
962813679
962813679
2314229232
2314229232
2314229232
3649076209
3649076209
3501022065
3501022065
3139480434
3139480434
3139480434
3023932787
3023932787
3757106548
3757106548
3757106548
3920874101
3920874101
2756796150
2756796150
2756796150
2756796150
2756796150
1367489527
1367489527
1367489527
3629810296
3629810296
3629810296
1156129401
1156129401
1156129401
1092147194
1092147194
1092147194
1092147194
3328181244
3328181244
3328181244
3328181244
3328181244
3706838781
3706838781
3706838781
3462610430
3462610430
1909902591
1909902591
1909902591
874958976
874958976
874958976
874958976
874958976
2809302785
2809302785
2809302785
2666291330
2666291330
2906196610
677179139
677179139
1985468356
1985468356
1985468356
3568711877
3568711877
3568711877
3568711877
3576951111
3576951111
3576951111
3576951111
3576951111
2595487432
256877641
256877641
256877641
256877641
3931328202
3931328202
3931328202
473573194
473573194
3581045707
3581045707
3581045707
3067161932
3067161932
3067161932
1559324237
1559324237
1559324237
1559324237
2725813710
2725813710
670282959
670282959
670282959
3873570000
3873570000
3873570000
3873570000
2309101521
2309101521
2309101521
3115027922
3115027922
3115027922
3880419155
3880419155
3880419155
3445167700
3445167700
3445167700
4180594773
4180594773
4180594773
811014102
811014102
3656623190
3656623190
2747171799
2747171799
2747171799
590339544
590339544
590339544
3049988825
3049988825
3049988825
89958362
89958362
3230890074
3230890074
3262589147
654158556
654158556
654158556
654158556
2640057437
2640057437
3232009950
3232009950
3232009950
3232009950
2983810911
2983810911
2983810911
2983810911
2620906080
2620906080
2620906080
1655290977
1655290977
1751759842
1751759842
1751759842
1751759842
2949453795
2949453795
1561440676
1561440676
1561440676
1561440676
2204359461
2204359461
2204359461
2598399398
522451110
522451110
3146633639
3146633639
3146633639
15391272
15391272
15391272
15391272
280246185
280246185
280246185
566342826
566342826
3234784042
4250300971
4250300971
2370952236
2370952236
2370952236
4026735021
4026735021
4026735021
4026735021
956680238
2905602478
2905602478
869567791
869567791
869567791
3101925168
3101925168
3101925168
2250352049
2250352049
2250352049
2250352049
2617122738
2617122738
2617122738
848212019
848212019
3242558388
3242558388
68560438
68560438
68560438
68560438
68560438
68560438
68560438
3195025463
3195025463
3195025463
3195025463
914798008
914798008
914798008
818988217
818988217
818988217
2817356218
2817356218
2817356218
2817356218
1043481275
1043461052
1043461052
1043461052
2055942333
2055942333
2055942333
275354174
275354174
275354174
275354174
435915327
435915327
1103158079
1103158079
2949249216
2949249216
2949249216
351814465
338290114
338290114
338290114
338290114
338290114
3281166531
3281166531
2759319940
2759319940
2759319940
3673914373
3673914373
3673914373
3673914373
2430014726
2430014726
2430014726
187790599
187790599
187790599
409613960
409613960
409613960
3337883657
3337883657
3337883657
3337883657
3228028042
3228028042
3228028042
179385611
179385611
2004721036
2004721036
2004721036
1731568781
1731568781
1731568781
2826742414
2826742414
2826742414
2826742414
3827831055
3827831055
3827831055
395562256
395562256
395562256
4002492049
4002492049
4002492049
4002492049
924670994
924670994
924670994
1752391187
4286280468
4286280468
4286280468
4286280468
2517814933
2517814933
2479532566
2479532566
2479532566
2479532566
1166809239
1166809239
1166809239
1166809239
3834909080
3834909080
3834909080
289712153
289712153
289712153
1144215066
1144215066
341740187
341740187
341740187
2191090588
2191090588
2191090588
2191090588
642657053
642657053
642657053
4152449950
4152449950
4152449950
3300558111
3300558111
3300558111
3300558111
3047919776
3047919776
3047919776
2431371553
2964827938
2964827938
731260066
731260066
731260066
3332283811
3332283811
3513000676
3513000676
3513000676
255399653
255399653
255399653
255399653
2919801318
1303340134
1303340134
2291145191
2291145191
2291145191
2092188904
2092188904
2092188904
2092188904
973555305
973555305
973555305
1890437482
1890437482
1890437482
2696297323
2696297323
2755744236
2755744236
2755744236
961818861
961818861
961818861
961818861
3611788014
3611788014
3611788014
3554918895
3554918895
3554918895
1367472624
1367472624
1367472624
3501022065
3501022065
3501022065
493660402
493660402
493660402
493660402
2636655475
2636655475
3656768244
3656768244
3656768244
2245848181
2245848181
2245848181
2756796150
2756796150
2522179318
1807175927
1807175927
1807175927
1807175927
3629810296
1452980472
1452980472
2005332217
2005332217
2005332217
1393873914
1393873914
1393873914
3109311995
3109311995
526755708
526755708
526755708
1527325821
1527325821
1527325821
1527325821
3462610430
3462610430
2217271422
974796543
974796543
974796543
364822016
364822016
364822016
364822016
3229180161
3229180161
2906196610
2906196610
2906196610
2906196610
2906196610
1595003651
1604937412
1604937412
1604937412
2929021509
2929021509
2929021509
2929021509
1735182406
1735182406
1735182406
3576951111
3576951111
1437106759
2369854280
2369854280
2369854280
2369854280
3990439753
3990439753
3990439753
473573194
473573194
473573194
116421707
116421707
3284983628
3284983628
3284983628
420014797
420014797
420014797
2725813710
2725813710
2725813710
2725813710
3170144463
3170144463
1665909328
1665909328
1665909328
3886556881
3886556881
3886556881
3886556881
3886556881
3115027922
1734609234
1734609234
1273937363
1273937363
3077162836
3077162836
962577109
962577109
962577109
962577109
3656623190
3656623190
3656623190
3044198359
3044198359
3044198359
3044198359
1289059288
1289059288
1289059288
469600217
469600217
3230890074
3230890074
3230890074
3552670683
3552670683
1999917660
1999917660
1999917660
1999917660
1999917660
268692957
268692957
3232009950
3232009950
3232009950
3232009950
208163679
208163679
208163679
1965155424
1965155424
1965155424
1965155424
1573745761
1573745761
1573745761
1751759842
258869475
258869475
258869475
258869475
258869475
595683620
938488101
938488101
938488101
938488101
938488101
522451110
522451110
522451110
1541841831
1541841831
1541841831
3502451240
3502451240
3502451240
3502451240
3577388329
3577388329
3577388329
3234784042
3234784042
3234784042
2772588588
2772588588
2772588588
2772588588
2679917741
2905602478
2905602478
2905602478
2905602478
2905602478
2687410863
2687410863
286375472
286375472
286375472
286375472
286375472
286375472
4166729905
4166729905
2617122738
2617122738
2617122738
2617122738
2617122738
2617122738
2617122738
560442932
560442932
560442932
3175472437
3175472437
3175472437
68560438
68560438
68560438
1353268919
1353268919
1353268919
1353268919
3633656248
3633656248
3633656248
1362879673
2817356218
2817356218
2817356218
2817356218
133330234
501755067
501755067
1370190140
1370190140
1370190140
3869561405
3869561405
3869561405
3869561405
2636949182
2636949182
2636949182
1103158079
1103158079
1103158079
4133012928
4133012928
4133012928
4133012928
2060667585
338290114
338290114
338290114
338290114
2757172290
1757517507
1757517507
10527236
10527236
2941663877
2941663877
2430014726
1879731462
1879731462
3510505479
3510505479
3510505479
3510505479
3510505479
3510505479
2847268360
2847268360
2847268360
4197982729
4197982729
4197982729
4197982729
3228028042
159519626
159519626
3731948299
3731948299
2407514764
2407514764
2407514764
2825378701
2825378701
2825378701
3246846990
3246846990
1921748239
1921748239
1921748239
1921748239
1921748239
2132774800
2132774800
2132774800
2164292113
2164292113
924670994
924670994
924670994
3930101010
3930101010
2203161107
3265776532
3265776532
3265776532
3265776532
79532693
79532693
79532693
2479532566
2479532566
3517375766
3191242007
3191242007
3191242007
3191242007
4238234776
4238234776
4238234776
3286906521
3286906521
1144215066
1144215066
1144215066
1144215066
664632859
664632859
879832604
879832604
879832604
3173161117
3173161117
3173161117
3173161117
4152449950
2499048606
2499048606
410089887
410089887
2411291040
1774837665
1774837665
1774837665
1774837665
1774837665
1774837665
1774837665
1774837665
731260066
731260066
1459101219
1459101219
1196314724
1196314724
1196314724
2956576741
2956576741
2956576741
1303340134
2828705767
2828705767
2828705767
2828705767
2828705767
2828705767
941484648
941484648
941484648
3130917737
3130917737
3130917737
3130917737
1890437482
3245650922
3245650922
3764840043
1750903916
1750903916
1750903916
1750903916
3265476973
3265476973
3265476973
3611788014
3611788014
3231590254
3231590254
547955568
547955568
547955568
547955568
547955568
547955568
34829041
34829041
34829041
493660402
493660402
1126918002
1126918002
4257312627
733282164
733282164
733282164
733282164
3027533173
3027533173
2522179318
2522179318
2522179318
2522179318
97727223
97727223
97727223
1452980472
1452980472
1452980472
1452980472
198055801
198055801
198055801
2926140666
2926140666
2926140666
2929995643
2929995643
3482178684
3482178684
3482178684
3074206845
3074206845
3074206845
3074206845
2217271422
2217271422
2217271422
889951487
964002689
964002689
964002689
964002689
964002689
964002689
964002689
964002689
964002689
2019900034
2019900034
2019900034
1595003651
1595003651
2996893380
2255144389
2255144389
2255144389
2255144389
2255144389
2898341830
2898341830
1437106759
1437106759
1437106759
1437106759
1437106759
3574356296
3574356296
3574356296
3347679177
3347679177
3347679177
3347679177
2013315789
2013315789
2013315789
2013315789
2013315789
2013315789
2013315789
2013315789
2013315789
2013315789
2013315789
2013315789
2013315789
2013315789
2013315789
2013315789
2013315789
2013315789
2013315789
2013315789
2013315789
2013315789
2013315789
2013315789
2013315789
196023636
196023636
196023636
196023636
196023636
2840024277
2840024277
2840024277
433461206
433461206
433461206
433461206
3437695447
3437695447
3437695447
3437695447
1204321368
1204321368
1204321368
1204321368
1204321368
3322999769
3322999769
3322999769
1205607258
1205607258
3552670683
3552670683
1469912156
1469912156
1469912156
1469912156
1853782749
1853782749
2383011934
2383011934
2383011934
2383011934
208163679
3603674719
3603674719
3198732896
3198732896
3198732896
2675764321
2675764321
3914207970
3914207970
3914207970
3914207970
3914207970
3489510948
3489510948
3489510948
336184357
336184357
691514278
691514278
691514278
2629677608
2629677608
2629677608
2629677608
2629677608
2629677608
2629677608
2629677608
3398428841
3398428841
1960579754
1960579754
1960579754
1960579754
1960579754
3564207531
3564207531
3564207531
340353836
340353836
4109697069
2687410863
2687410863
2687410863
2687410863
2687410863
2687410863
2687410863
2687410863
3964066224
1501259697
1501259697
1501259697
3108076210
3108076210
3108076210
3105108019
3105108019
3105108019
3105108019
4187500468
4187500468
4187500468
4187500468
4187500468
4187500468
4187500468
2062457013
2062457013
2062457013
2062457013
2244696118
2244696118
2244696118
1353268919
1353268919
3398768823
327448248
327448248
327448248
3908313401
3908313401
3908313401
3908313401
133330234
133330234
133330234
450024635
450024635
46943036
46943036
46943036
191025085
191025085
191025085
3186860863
3186860863
3186860863
3186860863
2599997376
2599997376
2599997376
2516975553
2516975553
2516975553
2516975553
3606907331
3606907331
3606907331
3606907331
3606907331
3606907331
3606907331
3606907331
2429545604
2429545604
1522341509
1522341509
1879731462
1879731462
1879731462
1879731462
1603001991
1603001991
1603001991
4181775624
4181775624
4181775624
4181775624
3170080777
3170080777
3170080777
3170080777
159519626
159519626
159519626
159519626
1120424843
1307352460
2297704717
2297704717
2297704717
2297704717
3246846990
2105035535
2105035535
2105035535
2105035535
2105035535
2105035535
2105035535
2105035535
2105035535
2105035535
3930101010
3930101010
3930101010
1854572053
1854572053
1854572053
1854572053
1854572053
1854572053
3517375766
3517375766
3517375766
3517375766
415491095
415491095
415491095
3779837336
3779837336
3779837336
3779837336
3779837336
3779837336
2204280473
2204280473
2204280473
2204280473
797403034
797403034
797403034
797403034
664632859
664632859
2536223260
2536223260
2536223260
1122683677
1122683677
1122683677
1122683677
1122683677
2499048606
2499048606
2499048606
2499048606
992669983
992669983
992669983
3088801440
3088801440
3088801440
661817377
661817377
661817377
661817377
1871868066
1871868066
1871868066
1459101219
363759844
363759844
363759844
363759844
2936477413
2936477413
2936477413
1350338022
1350338022
2596745959
2596745959
2467308008
2467308008
2467308008
2467308008
2467308008
1691248233
1691248233
1691248233
3245650922
3245650922
3245650922
3245650922
3245650922
829174635
976629996
976629996
976629996
976629996
2438061037
2438061037
3231590254
3231590254
3231590254
3231590254
1187946735
1187946735
1187946735
1187946735
3295953008
3295953008
3295953008
3134447729
3134447729
3134447729
1126918002
1126918002
1126918002
1126918002
3967024115
461126004
461126004
461126004
461126004
1086150517
1086150517
532885494
532885494
532885494
532885494
97727223
97727223
2304169463
2805903864
2805903864
2805903864
2805903864
198055801
1437508601
1437508601
3476871802
3476871802
3476871802
368023291
2483432572
2483432572
2483432572
2483432572
1001772157
1001772157
1001772157
1001772157
3462219006
3462219006
3462219006
889951487
2888632319
2888632319
2128272768
2128272768
2128272768
3018186753
3018186753
3018186753
3018186753
1269770498
1269770498
4006665475
4006665475
4006665475
1530681284
1530681284
191711813
191711813
191711813
191711813
3368182470
3368182470
3368182470
1420950983
1420950983
1420950983
1420950983
3722269640
3722269640
3722269640
1110469961
1110469961
1110469961
3379235915
3379235915
2298201676
2298201676
2298201676
2298201676
2298201676
2298201676
2298201676
4002161229
2252032462
2252032462
2252032462
2252032462
2252032462
965669199
965669199
965669199
965669199
1620917712
1241142353
1241142353
1241142353
1241142353
1241142353
3503123026
3503123026
3503123026
1306502355
1306502355
1712629460
1712629460
1712629460
596639829
596639829
596639829
596639829
700810198
700810198
3437695447
3437695447
1140419544
1140419544
1140419544
1140419544
1140419544
886069721
886069721
886069721
886069721
367120474
367120474
367120474
510309723
510309723
2188985052
1887408093
1887408093
1887408093
1887408093
1887408093
791694814
791694814
791694814
791694814
3603674719
3603674719
3603674719
276867296
276867296
4197015265
4197015265
4197015265
2500519394
2500519394
3801859236
3801859236
3801859236
3801859236
3801859236
1474488101
1474488101
1474488101
2397520550
2397520550
2397520550
2397520550
2397520550
2397520550
855713319
855713319
855713319
855713319
2629677608
3419991464
3419991464
398298281
398298281
398298281
3856901162
3856901162
3856901162
2503509163
2503509163
1294987692
1294987692
1294987692
3849422125
3849422125
3849422125
3849422125
1421672878
1421672878
3859944367
3859944367
3859944367
3859944367
3964066224
3964066224
3964066224
3964066224
3297372593
3297372593
3297372593
2190854194
2190854194
2190854194
402916659
402916659
235323188
235323188
235323188
192106805
192106805
192106805
192106805
1317956150
1317956150
1317956150
3398768823
3398768823
3398768823
99544504
99544504
605433273
605433273
4122084026
4122084026
4122084026
4122084026
4122084026
4122084026
450024635
450024635
46943036
525294268
1819312829
1819312829
1819312829
951855934
951855934
951855934
951855934
1955538751
1955538751
1955538751
1955538751
671283136
671283136
671283136
2554955841
2554955841
2554955841
2554955841
2615583298
2615583298
2615583298
3606907331
542930564
542930564
542930564
542930564
526488709
526488709
1904642822
1904642822
1904642822
1904642822
1603001991
1469133959
3307886600
3307886600
3307886600
3307886600
1013517065
1833142666
1833142666
1833142666
1833142666
1833142666
1120424843
1120424843
1120424843
1814097804
1814097804
1814097804
2387151117
2387151117
2387151117
2387151117
955589134
955589134
955589134
2105035535
543748879
543748879
3768274704
3768274704
3768274704
3235787537
3235787537
3235787537
2049171346
3851408403
3851408403
3851408403
3851408403
3851408403
3926983060
3926983060
2081799189
2081799189
2239327766
2239327766
2239327766
2239327766
2239327766
3330307607
3620712856
3620712856
3620712856
3620712856
3620712856
3620712856
3620712856
1884037657
1884037657
1884037657
693474074
693474074
693474074
1840638235
2092545436
2092545436
2092545436
2092545436
28249245
1162507294
1162507294
1162507294
1162507294
1162507294
1162507294
1270387871
1270387871
594221088
594221088
594221088
594221088
3276915233
3276915233
3023970338
3023970338
3023970338
3023970338
1413377315
1413377315
1309262692
1309262692
1309262692
1702708965
1702708965
1702708965
2903808742
2903808742
2903808742
2596745959
2596745959
2596745959
402623720
402623720
402623720
402623720
3271729129
3271729129
3271729129
3271729129
1807252970
1807252970
829174635
829174635
829174635
2202783084
2202783084
2202783084
1181356910
1181356910
1181356910
1181356910
1181356910
1187946735
1187946735
1187946735
3143201520
1834347121
1834347121
1834347121
754944370
754944370
3967024115
3967024115
889367412
889367412
889367412
889367412
889367412
1008003829
1008003829
1008003829
3139046518
3139046518
3139046518
3139046518
3139046518
3139046518
3139046518
2304169463
295906680
295906680
295906680
295906680
295906680
295906680
295906680
2606485114
2606485114
2606485114
1528823164
1528823164
1528823164
1528823164
1528823164
1528823164
2888632319
2888632319
2888632319
2888632319
2888632319
2888632319
2128272768
2128272768
2128272768
2128272768
337017857
337017857
337017857
337017857
337017857
937617282
3229233283
3229233283
3229233283
1530681284
1530681284
3132563268
3132563268
3132563268
1529647941
1529647941
1529647941
1529647941
1529647941
1529647941
3066960838
3066960838
743414343
743414343
743414343
743414343
743414343
3722269640
3722269640
3722269640
3722269640
3580212810
3580212810
3892022859
3892022859
3892022859
3892022859
2838003276
2838003276
2838003276
2838003276
2838003276
2042669901
2042669901
2042669901
2973971918
2973971918
2973971918
2973971918
3724691663
3724691663
3724691663
1620917712
1620917712
1136188240
2628936785
2628936785
2628936785
684937939
684937939
684937939
684937939
2901797972
2901797972
2901797972
2901797972
2901797972
3284852053
3284852053
3284852053
41603926
41603926
41603926
562871511
562871511
562871511
562871511
1140419544
2949785560
2949785560
1404860377
1404860377
1891631834
1891631834
1891631834
1891631834
1891631834
3123461211
3967319644
3967319644
3967319644
159718621
159718621
159718621
1795147998
1795147998
1795147998
1795147998
3029146591
3029146591
3029146591
276867296
276867296
3562900704
3562900704
3945809761
3945809761
3945809761
844732898
844732898
844732898
3267269219
3267269219
3801859236
3801859236
1747678756
4221069221
4221069221
4221069221
583245990
583245990
583245990
877743655
877743655
877743655
877743655
3419991464
3419991464
3419991464
3419991464
388390825
388390825
388390825
2918716970
2918716970
2918716970
3829188779
3829188779
1294987692
3211403308
3211403308
1829006125
1829006125
1829006125
2756549166
2756549166
3486108591
3486108591
3486108591
3486108591
3486108591
3880185520
3880185520
3880185520
3297372593
3297372593
4202109361
3661186738
3661186738
3661186738
3661186738
2854891059
2854891059
2983583028
2983583028
2983583028
774190901
774190901
774190901
26581302
26581302
26581302
26581302
3430990903
3430990903
3430990903
1828041144
1828041144
1828041144
1851096377
1851096377
1851096377
349935802
349935802
349935802
349935802
2208830651
525294268
525294268
525294268
525294268
2318635581
2318635581
2318635581
2381500990
2381500990
2381500990
3183494591
3183494591
3183494591
829866560
829866560
829866560
829866560
829866560
252115137
252115137
3847913282
3847913282
3847913282
3847913282
1581447491
889870084
889870084
889870084
889870084
1054125061
1054125061
1054125061
2544909190
2544909190
1469133959
1469133959
1469133959
1469133959
3398665352
3398665352
3398665352
768626825
768626825
1217305354
1217305354
1217305354
1217305354
1217305354
2575983883
2575983883
4231858828
4231858828
4231858828
3631625613
3631625613
3631625613
2048352910
2048352910
2048352910
2048352910
543748879
543748879
543748879
3768274704
3768274704
2784010768
234991889
234991889
234991889
234991889
3251959186
3251959186
3251959186
3188975251
3188975251
612216084
612216084
612216084
533669397
533669397
3290174614
3290174614
3330307607
3330307607
3330307607
3330307607
3330307607
3620712856
3620712856
585549337
585549337
585549337
585549337
585549337
585549337
3241039130
3241039130
3241039130
3206169371
3206169371
3766107676
3766107676
3766107676
155521565
155521565
155521565
15036830
15036830
15036830
1270387871
1270387871
1270387871
1270387871
594221088
1566072737
1566072737
1566072737
1566072737
1566072737
4064632994
4064632994
4064632994
4064632994
3703768995
4198987620
4198987620
4198987620
4198987620
3039532901
3039532901
872442854
872442854
872442854
2357681383
2357681383
2357681383
1644276840
1644276840
1644276840
1644276840
1644276840
3680544617
3680544617
1027368298
1027368298
1027368298
4214989547
4214989547
4214989547
514523500
514523500
514523500
2442933613
2442933613
2442933613
2442933613
3689418990
2553519215
2553519215
2553519215
2553519215
48287601
48287601
48287601
48287601
48287601
48287601
48287601
48287601
976873330
976873330
976873330
3649918707
3649918707
819682036
819682036
819682036
2143394933
2143394933
2143394933
2143394933
461987318
461987318
461987318
2999397623
2999397623
2999397623
1977321336
1977321336
1977321336
573962105
573962105
2606485114
2606485114
2606485114
3567254266
3567254266
2654287995
2654287995
1302964604
1302964604
1302964604
650874237
650874237
650874237
1757523710
1757523710
1757523710
1757523710
2410250367
2410250367
2410250367
329268480
329268480
337017857
1120310401
1120310401
1120310401
1120310401
3576891650
3576891650
3576891650
3132563268
3132563268
36175557
36175557
36175557
36175557
1609132870
1609132870
1609132870
1609132870
1609132870
2326206151
2326206151
2326206151
2326206151
2778280392
2778280392
2778280392
1997688009
1997688009
1997688009
3580212810
3580212810
3287014730
3287014730
283076043
2838003276
2838003276
2838003276
3452510669
3452510669
3452510669
3452510669
1492025166
1492025166
1516468943
1136188240
1136188240
1136188240
1136188240
1136188240
1136188240
1136188240
19823441
19823441
2472069458
2472069458
2472069458
2472069458
1912352467
1912352467
2901797972
2901797972
3077678932
4214684501
4214684501
4214684501
834194390
834194390
834194390
834194390
1866054231
1866054231
1866054231
2949785560
2949785560
2949785560
2949785560
907909209
907909209
907909209
591226970
591226970
591226970
1032184795
1032184795
3967319644
3864340060
3864340060
2675392477
2675392477
2675392477
4136778334
4136778334
4136778334
4136778334
2802052959
2802052959
2802052959
3562900704
3562900704
3562900704
1868687330
1868687330
1868687330
1868687330
1868687330
1868687330
1747678756
1747678756
1747678756
756538533
756538533
756538533
856087334
856087334
856087334
856087334
856087334
856087334
856087334
1645503911
1645503911
1645503911
2373504040
2373504040
2373504040
388390825
388390825
3556997417
563872938
563872938
563872938
563872938
3455571499
3211403308
3211403308
3211403308
3211403308
2413389741
2413389741
2413389741
2382755374
2382755374
2382755374
53577903
53577903
53577903
53577903
1179007280
1179007280
4202109361
4202109361
4202109361
4202109361
3526415922
3526415922
3526415922
3526415922
340542003
2983583028
2983583028
3847917108
4074524469
4074524469
4074524469
4074524469
919146038
919146038
919146038
1633644343
1633644343
1828041144
1828041144
1729752120
1729752120
1729752120
1320355129
1320355129
1320355129
2832766778
2832766778
2832766778
458583099
458583099
3354890428
3354890428
3354890428
2318635581
2258123453
3085034942
3085034942
3085034942
3085034942
3085034942
1245791935
1245791935
1245791935
829866560
829866560
829866560
829866560
2190144961
2190144961
2190144961
2721404098
2721404098
2721404098
438145731
438145731
1377932676
1377932676
1377932676
2135735557
2135735557
2135735557
715420166
715420166
715420166
715420166
1483803015
1483803015
1483803015
3398665352
3398665352
885545480
499460873
499460873
2279701386
2279701386
2279701386
2279701386
2279701386
2279701386
762895883
1574860684
1574860684
1574860684
3426649613
3426649613
3426649613
3910210574
3910210574
3910210574
3910210574
663219599
663219599
663219599
2784010768
1557100689
1557100689
1557100689
1557100689
1557100689
3893887634
3893887634
3893887634
3893887634
2146092307
3739546388
3739546388
3739546388
3739546388
3751934869
3751934869
3751934869
2813801622
2813801622
2813801622
3211790231
3211790231
3211790231
3211790231
2085406104
2085406104
2085406104
585549337
585549337
4182887065
3469643546
3469643546
3469643546
3469643546
746009499
125754780
125754780
125754780
125754780
3342062237
3342062237
3342062237
3046938654
3046938654
3046938654
797042719
797042719
797042719
1195247008
1195247008
1195247008
1195247008
1566072737
747253794
747253794
747253794
3207954339
3207954339
3207954339
4198987620
4198987620
4198987620
3045516772
1491292517
1491292517
1491292517
1491292517
427624678
427624678
427624678
3606260967
3606260967
3606260967
1644276840
1644276840
1990431849
1990431849
1990431849
1990431849
1990431849
4059075050
4059075050
3087641067
514523500
514523500
514523500
3755802989
3755802989
3755802989
3755802989
3755802989
3952242158
3952242158
3952242158
3952242158
3794680431
2310179953
2310179953
2310179953
2310179953
2310179953
2310179953
2310179953
2310179953
2310179953
2104387954
2104387954
2104387954
886718963
886718963
819682036
819682036
2313325557
2313325557
2313325557
2313325557
3372133878
3372133878
3372133878
3372133878
1113623927
1113623927
1113623927
2032799608
2032799608
2032799608
660269433
660269433
660269433
3567254266
3567254266
1302964604
1302964604
3487413116
3487413116
3916452221
3916452221
3916452221
3916452221
3916452221
3139583486
3139583486
3139583486
3139583486
1621098879
1621098879
1621098879
1621098879
2699291520
2699291520
2699291520
1120310401
1120310401
3772669058
3772669058
3772669058
3772669058
3772669058
3772669058
3772669058
36175557
36175557
36175557
2413964358
2413964358
2413964358
2413964358
2413964358
2413964358
1758018631
1758018631
1758018631
2621075272
2621075272
3301606345
3301606345
3301606345
3301606345
3301606345
3287014730
3287014730
97690059
97690059
97690059
3884173132
3884173132
3884173132
3452510669
3452510669
1952397645
1952397645
71997646
1015274831
1015274831
1015274831
1015274831
1015274831
554243024
554243024
554243024
19823441
19823441
3805110993
3805110993
1599487698
1599487698
1599487698
1509620691
1509620691
3077678932
3077678932
3077678932
1248979925
1248979925
1248979925
498171734
498171734
498171734
498171734
436834263
436834263
436834263
2967228888
2967228888
2967228888
907909209
907909209
3389550937
3389550937
956996442
956996442
956996442
2696132827
2696132827
3864340060
3864340060
3864340060
497342173
497342173
497342173
3799505502
3799505502
3799505502
603835359
603835359
603835359
603835359
3622498400
3622498400
1472481249
1472481249
1472481249
1472481249
1868687330
1868687330
1868687330
1868687330
672589795
1817907748
1817907748
1817907748
1817907748
756538533
3600945701
3600945701
2577877542
2577877542
3937787431
3937787431
3937787431
3937787431
3937787431
3560979624
3560979624
3560979624
3556997417
3556997417
3556997417
1228766762
1228766762
1228766762
1228766762
1018974507
1405019692
1405019692
1405019692
2413389741
2413389741
2541360429
2541360429
305230638
305230638
305230638
1173110575
1173110575
1173110575
131555760
131555760
131555760
131555760
371407537
371407537
371407537
3526415922
3526415922
1798903090
45903411
45903411
3847917108
3847917108
3847917108
4178731573
4178731573
4178731573
4178731573
91314358
91314358
154948407
154948407
154948407
154948407
1729752120
1729752120
992952889
992952889
992952889
992952889
992952889
3823452986
3823452986
3823452986
3083695675
1658638268
1658638268
2258123453
2258123453
2258123453
2258123453
2258123453
3877249470
3877249470
3877249470
3877249470
4125266623
4125266623
4125266623
2035041984
2035041984
2035041984
2190144961
2190144961
3827404097
3827404097
122907458
122907458
122907458
3265843267
3265843267
1377932676
3739208452
3739208452
1121313925
1121313925
1121313925
1648524550
1648524550
1648524550
885545480
885545480
885545480
885545480
885545480
885545480
2110982537
2110982537
2110982537
2993368330
2993368330
2993368330
1574860684
1574860684
1574860684
1574860684
3328514828
1955162637
1955162637
1955162637
1955162637
1955162637
3829678734
3829678734
3829678734
415226383
415226383
415226383
187483536
187483536
1073175057
1073175057
1073175057
1073175057
1912632210
1912632210
1912632210
1912632210
4079063699
4079063699
3739546388
660189205
660189205
660189205
660189205
660189205
660189205
2573286934
2979833239
2979833239
2979833239
2979833239
3338046104
3338046104
4182887065
4182887065
4182887065
4182887065
4182887065
4182887065
3590556954
3590556954
3590556954
2505427739
125754780
125754780
402668317
402668317
402668317
402668317
2685911838
2685911838
2685911838
2685911838
2685911838
3210850463
3210850463
3210850463
1802404512
1802404512
1802404512
1802404512
1802404512
2809214242
2809214242
2809214242
2959028771
2959028771
3045516772
3045516772
3045516772
4048565733
4048565733
4048565733
4048565733
269183974
269183974
2368444775
2368444775
2368444775
2368444775
491600488
491600488
491600488
491600488
1990431849
1990431849
2065509738
2065509738
2065509738
2065509738
2065509738
2065509738
2065509738
3755802989
3755802989
3755802989
3755802989
2274219885
2274219885
2735322350
2735322350
2735322350
2735322350
2745275119
2745275119
2745275119
2745275119
2749132272
2749132272
2749132272
2310179953
2310179953
2310179953
3387981170
3387981170
3387981170
3387981170
2700248563
825167604
825167604
825167604
825167604
2313325557
4196559093
4196559093
3650433014
3650433014
3650433014
1337441655
1337441655
1337441655
1337441655
2938070904
2938070904
1262966137
1262966137
1262966137
1262966137
2791098490
2791098490
2791098490
895363707
895363707
3487413116
3487413116
3487413116
4162381565
4162381565
4162381565
2325332094
2325332094
2325332094
2325332094
2649962111
2649962111
2649962111
3036336768
3036336768
3181101313
3181101313
3181101313
3181101313
3181101313
3181101313
3772669058
3772669058
376029059
376029059
3533604036
3533604036
3533604036
1607518149
1607518149
1607518149
2934194502
2934194502
2934194502
2750943943
2750943943
2750943943
2750943943
384321736
384321736
384321736
3700406985
3700406985
3700406985
3913787338
3913787338
3913787338
3913787338
97690059
97690059
3640157644
3640157644
3640157644
1952397645
1952397645
1952397645
870067918
870067918
870067918
870067918
1747016783
1747016783
1747016783
3627859664
3627859664
3627859664
3805110993
3805110993
3805110993
3805110993
2524847442
2524847442
2524847442
4258269907
1978213844
1978213844
1978213844
1978213844
1248979925
3013331029
3013331029
2895437654
2895437654
2895437654
585685847
585685847
585685847
874940888
874940888
874940888
874940888
3389550937
3389550937
3389550937
4253616602
4253616602
4253616602
4253616602
2059109467
3167461212
3167461212
3167461212
3167461212
497342173
3090649053
3090649053
4076873054
4076873054
4076873054
4088683487
4088683487
4088683487
3616975328
3616975328
3616975328
3616975328
2239522913
2239522913
2239522913
2209458786
2209458786
2209458786
672589795
672589795
3600945701
3600945701
3600945701
3600945701
1369300390
1369300390
1369300390
1369300390
1369300390
1369300390
1380214311
1380214311
1380214311
1677383208
1677383208
1677383208
1677383208
3503168425
1228766762
1228766762
1228766762
1547983275
1547983275
1547983275
1547983275
1610321836
1610321836
1610321836
2541360429
2541360429
2541360429
755319086
755319086
755319086
755319086
1028086959
1028086959
1028086959
998274736
998274736
3478974257
3478974257
3478974257
1798903090
1798903090
1798903090
1798903090
1553605555
3223156276
3223156276
3223156276
3223156276
3223156276
4178731573
2893109
2893109
2188689590
2188689590
2188689590
3547231799
3547231799
3547231799
1831096888
1831096888
1831096888
992952889
214879673
214879673
214879673
2729322938
2729322938
2729322938
2729322938
1212371899
2980403388
2980403388
2980403388
2980403388
2089203005
2089203005
2089203005
3877249470
3877249470
786905278
1754806719
1754806719
3089879232
3089879232
3089879232
3089879232
3089879232
1528741698
1528741698
1528741698
1528741698
1528741698
1528741698
2944306627
2944306627
3739208452
3739208452
3739208452
605993093
605993093
605993093
678751878
678751878
678751878
678751878
425011591
425011591
425011591
2110403848
2110403848
2110982537
2110982537
2110982537
2110982537
2110982537
1765941002
1765941002
1765941002
3328514828
3328514828
3328514828
3328514828
3328514828
4200497805
4200497805
4200497805
2882981006
2882981006
2882981006
2709001359
2709001359
2709001359
2709001359
3637230992
3637230992
3637230992
1073175057
1073175057
1073175057
1677907858
1677907858
1677907858
1677907858
2807910803
1693404948
1693404948
1693404948
1693404948
4234825493
4234825493
4234825493
2204698646
2204698646
3447180055
3447180055
3447180055
3447180055
3447180055
1960967960
3668354329
3668354329
3668354329
3668354329
3590556954
3590556954
3590556954
2303456282
2303456282
638722587
12492060
12492060
12492060
12492060
402668317
2252979229
2252979229
4227675550
4227675550
4227675550
4216060959
4216060959
4216060959
3674294816
3674294816
3674294816
3674294816
2809214242
2809214242
2809214242
2809214242
2809214242
3546223779
3546223779
1848545252
1848545252
1848545252
1848545252
4048565733
4048565733
1265816805
2231782502
2231782502
2231782502
2231782502
926249063
926249063
926249063
3777231720
3777231720
3777231720
3777231720
3367820521
3367820521
3367820521
2065509738
2065509738
3360782954
990101099
990101099
4158655596
4158655596
4158655596
2274219885
2274219885
2274219885
2801399791
2801399791
2801399791
2801399791
4068277872
4068277872
4068277872
17416561
17416561
17416561
17416561
17416561
2818935538
2818935538
2818935538
2818935538
2303681907
3899913588
3899913588
3899913588
3899913588
3899913588
4196559093
4196559093
4196559093
2316616566
2316616566
2316616566
2316616566
975693687
975693687
975693687
2938070904
423892858
423892858
423892858
423892858
423892858
423892858
423892858
2579264763
2579264763
2579264763
187823356
187823356
187823356
187823356
4162381565
4182153725
4182153725
1093128702
1093128702
1093128702
2857869951
2857869951
2857869951
2856799872
2856799872
2856799872
1494655233
1494655233
1494655233
1494655233
4274299010
4274299010
4274299010
4274299010
376029059
42836548
42836548
1614885317
1614885317
1614885317
1614885317
1614885317
2934194502
2934194502
2934194502
1626103751
1626103751
1626103751
3523925832
3523925832
3523925832
3523925832
166045385
166045385
166045385
4152807370
4152807370
4152807370
866783819
866783819
1169843788
1169843788
1169843788
1281998541
1281998541
1281998541
1281998541
870067918
1461607886
1461607886
1800936399
1800936399
1800936399
4251766736
4251766736
4251766736
4251766736
3156735697
3156735697
3156735697
2524847442
330304722
330304722
1631324243
1631324243
2414764500
2414764500
2414764500
3013331029
3013331029
3013331029
3007027286
3007027286
3007027286
3007027286
3299497687
3299497687
3299497687
2958942552
2958942552
2958942552
2772349273
2772349273
2772349273
2772349273
4253616602
528096474
528096474
2772921820
2772921820
2772921820
3090649053
3090649053
1290410462
1290410462
1290410462
1290410462
1290410462
1290410462
773381983
773381983
773381983
773381983
1915676000
1915676000
1915676000
23768801
23768801
23768801
3162533474
3162533474
3162533474
3162533474
1920522851
1695625380
1695625380
1695625380
826509861
826509861
826509861
826509861
1369300390
1369300390
1369300390
3322460967
3322460967
3322460967
3322460967
3997935272
3997935272
3997935272
3487623209
3487623209
3487623209
1825469226
1825469226
1825469226
1547983275
1547983275
2127508524
2127508524
2127508524
154750637
154750637
755319086
755319086
755319086
2960282414
2960282414
3573959343
3573959343
3792368432
3792368432
3792368432
3792368432
3792368432
2400484913
2400484913
2400484913
219114930
219114930
1553605555
1553605555
1553605555
2642321204
2642321204
2642321204
2893109
2893109
2893109
2893109
750560182
750560182
2277749815
2277749815
2277749815
2277749815
3080314552
3080314552
3080314552
214879673
214879673
214879673
214879673
2618533946
2618533946
2618533946
561040827
561040827
2925135804
2925135804
2925135804
3327040317
3327040317
3327040317
786905278
786905278
99641023
99641023
99641023
99641023
99641023
40608576
40608576
40608576
2581937985
2581937985
1528741698
1528741698
1528741698
753685570
753685570
3435424835
3435424835
2486575492
2486575492
605993093
605993093
720717061
720717061
1969402246
1969402246
1969402246
2449749383
2449749383
2449749383
2449749383
164140424
164140424
164140424
475469577
475469577
475469577
1765941002
1765941002
907171466
907171466
1445227788
1445227788
1445227788
1445227788
1445227788
4200497805
2714418957
2714418957
1159238542
1159238542
1159238542
1758594063
1758594063
1758594063
1758594063
30159888
30159888
30159888
273646353
273646353
273646353
1677907858
1677907858
2523069842
3860590099
3860590099
1455771028
1455771028
1455771028
4234825493
4234825493
4234825493
4234825493
1827235478
3156841239
3156841239
3156841239
3156841239
4187402776
4187402776
2611249305
2611249305
2611249305
2303456282
2303456282
1395760411
1395760411
1395760411
1819696412
1819696412
1819696412
1819696412
1819696412
2252979229
2252979229
2252979229
2252979229
1279679646
1279679646
1279679646
1279679646
1832929823
1832929823
1832929823
3474545312
3474545312
3474545312
3141576609
3141576609
3141576609
3141576609
2170126626
2170126626
2170126626
3546223779
3546223779
3795402852
3795402852
3795402852
1265816805
1265816805
1265816805
1256775654
798086760
798086760
798086760
798086760
798086760
798086760
798086760
798086760
798086760
3510767081
3510767081
3510767081
3510767081
3360782954
3360782954
3360782954
2153985515
2153985515
1607715180
1607715180
1607715180
3968415597
3968415597
3968415597
715032174
715032174
715032174
2801399791
2801399791
3813475183
3813475183
1083093616
1083093616
1083093616
2753725425
2753725425
2753725425
2818935538
2818935538
2818935538
2818935538
3227476851
4219636084
4219636084
4219636084
4219636084
3948863477
3948863477
3948863477
2316616566
2316616566
1879794806
1317023479
1317023479
1317023479
1317023479
2383988344
2383988344
2383988344
1908656761
1908656761
1908656761
423892858
423892858
2334280698
1461766651
1461766651
4066311932
4066311932
4066311932
4182153725
4182153725
4182153725
4182153725
3787917822
3787917822
3787917822
4166998655
4166998655
4166998655
94300800
94300800
94300800
94300800
3655438337
3655438337
3655438337
1608369410
1608369410
1608369410
2664259331
2664259331
146618564
146618564
146618564
1631249989
1631249989
1631249989
2513256646
2513256646
2513256646
2513256646
1626103751
3985328071
3985328071
3523925832
3523925832
1767944264
1945409737
1945409737
1945409737
1945409737
3877971914
3877971914
1372570955
1372570955
1372570955
2789766732
1801878221
1801878221
1801878221
1801878221
1461607886
1461607886
1461607886
1461607886
1461607886
3307428559
3307428559
3307428559
375936464
375936464
375936464
551721937
551721937
551721937
330304722
330304722
330304722
330304722
1073271123
2544067797
2544067797
2544067797
2544067797
3007027286
3007027286
4287814358
4287814358
4287814358
425754839
425754839
425754839
1643777369
1643777369
1643777369
1643777369
1643777369
1643777369
1643777369
1643777369
528096474
528096474
528096474
4007987803
4007987803
1459343964
1459343964
1459343964
1459343964
1363955805
1363955805
1363955805
1290410462
1474013534
1474013534
3038508767
3038508767
3038508767
1915676000
1915676000
1551553888
1551553888
1347788001
1347788001
1347788001
1894925538
1894925538
1894925538
251832419
251832419
2443095332
2443095332
2443095332
3252260645
3252260645
1469962022
1469962022
1469962022
1469962022
1469962022
3322460967
3322460967
708474407
4266244392
4266244392
4266244392
4266244392
1133952553
1133952553
3960527402
3960527402
635661100
635661100
635661100
635661100
635661100
635661100
1984788653
1984788653
1984788653
1984788653
2960282414
2960282414
2960282414
3714754863
3714754863
3714754863
1988534576
1988534576
1988534576
1988534576
3075958321
3075958321
3075958321
4253564850
4253564850
4253564850
879983283
879983283
1150335412
1150335412
1150335412
4158663861
4158663861
4158663861
4158663861
750560182
2783613878
2783613878
2490981687
2490981687
2490981687
433620280
433620280
433620280
433620280
243356729
243356729
243356729
2618533946
3244608442
3244608442
2681244347
2681244347
2634584252
2634584252
2634584252
3633812157
3633812157
3633812157
2777866430
2777866430
2777866430
2698833087
2698833087
2698833087
2698833087
2610388416
2610388416
2610388416
3413282881
3413282881
3413282881
3413282881
753685570
753685570
753685570
2874610627
2874610627
2805826180
2805826180
2805826180
720717061
2179183750
2179183750
2179183750
2179183750
2179183750
3283662215
3283662215
3283662215
3283662215
1400656904
1400656904
1400656904
4184699401
4184699401
4184699401
907171466
907171466
907171466
907171466
1461101579
2016257036
2016257036
2016257036
2016257036
2714418957
2714418957
2714418957
1751923214
1751923214
1751923214
4179002383
4179002383
4179002383
4179002383
2531949072
1724542737
1724542737
1724542737
1724542737
1724542737
2523069842
2523069842
2523069842
861792915
861792915
3040458772
3040458772
3040458772
2281239829
2281239829
2281239829
2281239829
1827235478
495644438
495644438
3756519575
3756519575
3756519575
2276298136
2276298136
2276298136
2276298136
3900247449
3900247449
3900247449
1891726618
1891726618
1891726618
1395760411
1395760411
1899110940
1899110940
1899110940
3258253085
3258253085
3258253085
3258253085
1279679646
1243066654
1243066654
2313312287
2313312287
2313312287
3877003936
3877003936
3877003936
337149729
337149729
337149729
337149729
1487091106
1487091106
1487091106
1859300259
3652866276
3652866276
4063434597
4063434597
4063434597
4063434597
4063434597
1256775654
1256775654
917863783
917863783
917863783
917863783
917863783
1308141160
1163475561
1163475561
1163475561
1163475561
1163475561
1163475561
1455808234
1455808234
2153985515
2153985515
1271730924
1271730924
1271730924
1271730924
3851493485
3851493485
3851493485
3594697582
3594697582
3594697582
3813475183
3813475183
3813475183
3813475183
2799533936
2799533936
2799533936
1835876977
1835876977
1835876977
3625686770
3625686770
3625686770
3625686770
934635380
934635380
934635380
934635380
2853628021
2853628021
2853628021
2853628021
1879794806
1879794806
1879794806
1352502391
1352502391
1352502391
1396045560
1396045560
1396045560
1396045560
3619873017
3619873017
3619873017
2334280698
2334280698
2334280698
611570555
611570555
4198438652
4198438652
4198438652
3943461501
3943461501
3943461501
3943461501
3787917822
1998665598
1998665598
3482725631
3482725631
3482725631
94300800
94300800
563263488
563263488
3792408961
3792408961
3792408961
360849666
360849666
360849666
1162686979
1162686979
1500008260
1500008260
1500008260
4014560965
4014560965
4014560965
3319947718
3319947718
3319947718
3985328071
3985328071
3985328071
3985328071
1767944264
1767944264
1767944264
1739836617
1739836617
1739836617
1739836617
2825284042
2825284042
267848395
267848395
240280140
240280140
240280140
240280140
609049677
609049677
609049677
843358414
843358414
843358414
843358414
3307428559
1265701967
1265701967
2425205456
2425205456
2425205456
3361934289
3361934289
3361934289
2443890130
2443890130
2443890130
2443890130
1073271123
3678074580
3678074580
3678074580
3678074580
645651925
645651925
645651925
4287814358
4287814358
4287814358
1732666199
1732666199
1732666199
1732666199
2868440408
2868440408
2868440408
530625497
530625497
530625497
1762295258
1762295258
1762295258
4007987803
4007987803
2486295004
2486295004
2486295004
896452061
896452061
896452061
1474013534
1474013534
1474013534
1474013534
355207519
355207519
355207519
1551553888
1551553888
1551553888
1551553888
3877459169
3877459169
3877459169
3877459169
3653987042
3653987042
4025981667
4025981667
2114954148
2114954148
2114954148
3301194277
3301194277
3301194277
676446630
676446630
676446630
676446630
708474407
708474407
708474407
4266244392
4266244392
586223400
3111147177
3111147177
3111147177
3111147177
3865622570
3865622570
3599863851
3599863851
3599863851
294862380
294862380
294862380
2864504621
2864504621
2864504621
2449360302
2449360302
2449360302
3714754863
3714754863
3103334447
3103334447
1988534576
3755126192
3755126192
1873759793
1873759793
1873759793
147451314
147451314
3054037299
3054037299
3054037299
2706002612
2706002612
2706002612
2706002612
1577936821
1577936821
1577936821
2783613878
2783613878
2783613878
3797847863
3797847863
3797847863
3797847863
3984897080
3984897080
3984897080
1686545849
1686545849
1686545849
2448202940
2448202940
2448202940
2448202940
2448202940
2448202940
1277674301
1277674301
1277674301
1277674301
3137030590
3137030590
3137030590
3137030590
3137030590
3137030590
3137030590
3189256256
3189256256
1641112385
1641112385
1641112385
1641112385
1641112385
1641112385
1641112385
1289208386
1289208386
2874610627
2874610627
1235481988
1235481988
1235481988
81810565
81810565
81810565
81810565
2179183750
2252349958
2252349958
4152058119
4152058119
3349892744
3349892744
3349892744
3349892744
2287730057
2287730057
2287730057
1001777162
1001777162
1001777162
1001777162
3508068876
3508068876
3508068876
3508068876
4254823309
4254823309
4254823309
4254823309
1751923214
1751923214
1016318350
1016318350
22924559
22924559
22924559
2766801168
2766801168
2766801168
1273449233
1273449233
1273449233
1273449233
2256065810
2256065810
2256065810
861792915
2656662036
2656662036
2656662036
2656662036
491801493
491801493
495644438
495644438
495644438
495644438
2771802007
2771802007
2771802007
2201666968
2201666968
2201666968
2201666968
307218329
307218329
307218329
3802401690
3802401690
3802401690
4272991899
4272991899
3097270172
3097270172
3097270172
3097270172
513975197
513975197
513975197
1243066654
1243066654
1243066654
1465234975
1465234975
1465234975
3877003936
3877003936
3877003936
3877003936
297729057
1929457698
1929457698
1929457698
1929457698
1929457698
1929457698
291304676
291304676
291304676
3259975269
3259975269
1547696614
1547696614
1547696614
917863783
871924327
871924327
3022399464
3022399464
3022399464
3022399464
3022399464
3022399464
383952489
383952489
383952489
383952489
3147359594
3147359594
3147359594
3735013227
3654834284
3654834284
3654834284
2104725357
2104725357
560126318
560126318
560126318
560126318
560126318
560126318
2093328367
2093328367
2093328367
4160463856
4160463856
2955075441
2955075441
2955075441
2955075441
1169936370
1169936370
1169936370
1169936370
3462289651
3462289651
1633653876
1633653876
1633653876
821861365
821861365
3030796022
3030796022
3030796022
3030796022
3030796022
1352502391
386921335
386921335
2194972408
2194972408
3734637177
3734637177
3734637177
3734637177
1590536570
1590536570
1590536570
1590536570
611570555
278912636
278912636
278912636
278912636
1074450301
1074450301
1074450301
1998665598
1998665598
1998665598
886598527
886598527
886598527
886598527
563263488
563263488
563263488
3444072577
3444072577
2914211330
2914211330
2914211330
4097420931
4097420931
4097420931
3969309252
3969309252
3969309252
90270533
90270533
90270533
90270533
2122616262
2122616262
2122616262
2375362119
2375362119
2375362119
2659761352
2659761352
2659761352
1739836617
1739836617
852459209
852459209
2434776010
2434776010
2434776010
3846232779
3846232779
20193612
20193612
20193612
2274752845
2274752845
2274752845
1345804110
1345804110
1345804110
1265701967
1265701967
1265701967
1265701967
2743085648
2743085648
2743085648
2974711121
2974711121
2974711121
3442643922
3442643922
3442643922
3442643922
471826899
1403296980
1403296980
1403296980
1403296980
1221220565
1221220565
1221220565
72639190
72639190
72639190
1732666199
1732666199
1607449687
4272036440
4272036440
4272036440
4272036440
3533746009
3533746009
3533746009
699544026
699544026
699544026
3954200795
3954200795
3562825820
3562825820
3562825820
1178616669
1178616669
1178616669
1178616669
2389158366
2389158366
2389158366
355207519
355207519
3799168607
4173725664
4173725664
4173725664
3877459169
3877459169
1807742306
1807742306
1807742306
1807742306
1807742306
1375913380
1375913380
1375913380
1375913380
1375913380
2218169125
2218169125
2218169125
386159014
386159014
386159014
386159014
3998080935
3998080935
3998080935
586223400
586223400
586223400
3219430953
3219430953
3219430953
3219430953
1210612010
1210612010
1210612010
1750329643
1750329643
4161805740
4161805740
4161805740
2286545581
2286545581
2985207726
2985207726
2985207726
2985207726
3103334447
3103334447
3103334447
3103334447
3755126192
3755126192
3755126192
2864561457
2864561457
2864561457
400140722
400140722
400140722
267511603
267511603
3516186804
3516186804
3516186804
2287879093
2287879093
2287879093
2287879093
1567476662
1567476662
1567476662
3797847863
3797847863
2772162360
2772162360
2772162360
2772162360
2772162360
1654089785
1654089785
3168782266
3168782266
3168782266
3168782266
947565883
947565883
150569148
150569148
150569148
837797181
837797181
837797181
837797181
432341054
432341054
432341054
1699784511
1699784511
1699784511
1595989184
1595989184
1595989184
308879169
308879169
308879169
308879169
1724793922
1724793922
1724793922
342371651
342371651
3096570628
3096570628
3096570628
216767877
216767877
216767877
2252349958
2252349958
2252349958
2252349958
3555976455
3555976455
3555976455
1855644808
1855644808
1855644808
286000137
286000137
286000137
1027827594
1027827594
1027827594
1027827594
4171376395
401275020
401275020
401275020
401275020
760580237
760580237
760580237
1016318350
1016318350
1016318350
3400194447
3400194447
3400194447
3400194447
3514327440
3514327440
436811921
436811921
436811921
3082557330
3082557330
3082557330
3082557330
3082557330
1785183635
272816020
272816020
272816020
3060627093
3060627093
3060627093
3060627093
3795392022
3795392022
2771802007
856159639
856159639
856159639
2201666968
2201666968
1339803672
1339803672
3830090265
3830090265
3830090265
1559675290
1559675290
1559675290
3220173467
286145564
286145564
286145564
286145564
1932045981
1932045981
1932045981
1932045981
346259486
346259486
346259486
1465234975
1465234975
3512145439
750269472
750269472
750269472
750269472
2928541601
2928541601
2928541601
1277346978
1277346978
1277346978
598129380
598129380
598129380
598129380
1286972389
1286972389
1286972389
1263738726
1263738726
1263738726
1263738726
871924327
871924327
871924327
285476328
285476328
285476328
1054936169
1054936169
1054936169
1054936169
1054936169
1836931690
1836931690
1836931690
1313482731
1313482731
3088457964
3088457964
3088457964
2217234029
2217234029
2217234029
776002286
776002286
776002286
776002286
1542074607
1542074607
1542074607
4160463856
3057287920
3057287920
2475992177
2475992177
2475992177
3113749618
3113749618
3113749618
3113749618
3813006835
1864730612
1864730612
1864730612
1864730612
245096693
245096693
245096693
3864576630
3864576630
3864576630
386921335
386921335
386921335
386921335
1198956280
1198956280
1198956280
1567593593
1567593593
1567593593
112646266
112646266
112646266
112646266
3470833915
3165370492
3165370492
3165370492
3165370492
1789903485
1789903485
1789903485
2249745790
2249745790
2249745790
886598527
886598527
926392575
1194365696
1194365696
1194365696
1194365696
3444072577
1695699457
1695699457
3998145282
3998145282
3998145282
290967299
290967299
3969309252
3969309252
3532156612
1851354053
1851354053
1851354053
1851354053
842995398
842995398
842995398
4017606215
4017606215
4017606215
842651464
842651464
842651464
842651464
852459209
852459209
852459209
2381186634
2381186634
2381186634
609426891
609426891
1955177164
1955177164
1955177164
1123452621
1123452621
1123452621
3589801166
3589801166
3589801166
3589801166
376305487
376305487
376305487
2743085648
2743085648
4224132304
2665767633
2665767633
2665767633
2665767633
3765654738
3765654738
3765654738
2989486547
2989486547
4095688148
4095688148
4095688148
3572680533
3572680533
3572680533
1018080214
1018080214
1018080214
1607449687
1607449687
1607449687
4272036440
3515064024
3515064024
3273433305
3273433305
3273433305
3273433305
1380543322
1380543322
1380543322
1380543322
3623186523
1099749468
1099749468
1099749468
2039421149
2039421149
2039421149
2039421149
2702571998
2702571998
2702571998
3799168607
3799168607
3799168607
2186984672
2186984672
3610295649
3610295649
3610295649
3610295649
1807742306
1807742306
1807742306
3125145314
147082339
147082339
1375913380
1375913380
2568480036
2182708133
2182708133
2182708133
2182708133
3114237094
3114237094
3114237094
3497519399
3497519399
3497519399
3979841576
3979841576
3979841576
3979841576
3219430953
2416086313
2416086313
1783289898
2541500971
2541500971
1708251308
1708251308
1708251308
1708251308
1708251308
2792097325
2792097325
2792097325
2939473198
2939473198
977773615
977773615
977773615
977773615
977773615
4106014896
4106014896
4106014896
2864561457
2864561457
3710648241
3710648241
2493834034
2493834034
2493834034
3822843443
1625222068
1625222068
1625222068
1625222068
581962165
581962165
581962165
604352182
604352182
604352182
604352182
351729975
351729975
351729975
2772162360
2772162360
586543928
977791033
977791033
977791033
3779099322
3779099322
3779099322
2895667003
2895667003
2895667003
150569148
2417146812
2417146812
2578905533
2578905533
2578905533
1009624382
1009624382
1009624382
3357277503
3357277503
3357277503
3357277503
1595989184
1374252224
2159012673
2159012673
2159012673
961612738
961612738
961612738
961612738
961612738
444483523
2905544836
2905544836
2905544836
2905544836
1985745029
1985745029
279232262
279232262
279232262
3555976455
3555976455
3555976455
1116387719
1116387719
1855644808
2489892616
2489892616
1009159945
1009159945
1535688714
1535688714
1535688714
349625739
349625739
3978955404
3978955404
3978955404
3978955404
3452628109
3452628109
3452628109
3452628109
871630222
871630222
871630222
3400194447
3262681615
3262681615
3514327440
3514327440
3514327440
3903947025
3903947025
3903947025
3903947025
2277954578
2277954578
2277954578
1192916627
1192916627
1667043732
1667043732
1667043732
1693047061
1693047061
1693047061
1693047061
3944075158
3944075158
3944075158
856159639
1339803672
1339803672
1339803672
1339803672
1339803672
1140851097
1140851097
1140851097
1140851097
3615642138
3615642138
3615642138
4105823771
4105823771
287012124
287012124
287012124
2952792989
2952792989
2952792989
1096747806
1096747806
1096747806
1096747806
3512145439
3512145439
3512145439
2408167584
2408167584
2408167584
2928541601
2928541601
2932081186
2932081186
2932081186
2932081186
2932081186
2290794659
2290794659
4155014628
4155014628
4155014628
2728393061
2728393061
2728393061
3008858086
3008858086
3008858086
177877607
177877607
177877607
285476328
285476328
285476328
285476328
3891253993
3891253993
3891253993
4263184362
4263184362
4263184362
3465967339
3088457964
3088457964
3088457964
3088457964
3088457964
3650431853
3650431853
3650431853
2792748014
2792748014
2792748014
3886136815
3886136815
3886136815
3886136815
3057287920
3057287920
3057287920
1257213041
1257213041
1257213041
4220181746
4220181746
4220181746
3562244467
3562244467
1361111668
1361111668
1361111668
4177395573
3153148790
3153148790
3153148790
3153148790
3153148790
3153148790
256611319
256611319
256611319
1198956280
1198956280
3934363512
1451226361
1451226361
1451226361
2108545402
2108545402
2108545402
2108545402
3812053627
3812053627
2155474172
2155474172
2155474172
2185809277
2185809277
2185809277
3928353278
3928353278
3928353278
3928353278
926392575
926392575
1142963200
1142963200
1142963200
1142963200
1695699457
1695699457
1695699457
1695699457
4145739906
4145739906
4145739906
3530567171
3530567171
3532156612
3981457733
3981457733
3981457733
3981457733
3981457733
187065030
187065030
187065030
2865778119
2865778119
2865778119
2865778119
3105632200
3339489097
3339489097
3339489097
3339489097
3339489097
566947147
566947147
566947147
566947147
1955177164
1955177164
4264268
2382022094
2382022094
2382022094
2382022094
2382022094
2382022094
2382022094
4224132304
4224132304
4224132304
1765619537
1765619537
339256018
339256018
339256018
339256018
339256018
339256018
339256018
899734868
899734868
899734868
899734868
899734868
899734868
899734868
4125247829
4125247829
4125247829
4125247829
1144950102
1144950102
1144950102
4287291735
3515064024
3515064024
3515064024
3515064024
3515064024
2046041817
2046041817
2046041817
2046041817
2775786586
2775786586
2775786586
2710703323
2710703323
2175556700
2175556700
377572061
377572061
997649886
997649886
997649886
997649886
997649886
1825125087
1825125087
1825125087
1825125087
407378656
407378656
407378656
3694737633
3694737633
3694737633
3694737633
3125145314
3125145314
3125145314
2568480036
2568480036
2568480036
2568480036
2568480036
2683011749
2683011749
2683011749
3948621350
2895399975
2895399975
2895399975
274782120
274782120
274782120
274782120
274782120
274782120
2416086313
2416086313
2416086313
2425239978
2425239978
2425239978
2425239978
2405545643
1708251308
1708251308
420802092
420802092
2015016621
2015016621
2015016621
2669045038
2669045038
2669045038
2592091055
2592091055
2592091055
2592091055
3934344496
3934344496
3934344496
3710648241
3710648241
3710648241
649280946
649280946
649280946
3478402227
3478402227
1625222068
1625222068
1625222068
2205034805
2205034805
2205034805
2205034805
3803517878
3803517878
3803517878
3575049655
3575049655
3575049655
586543928
586543928
586543928
586543928
1466954553
1466954553
1466954553
326572858
326572858
326572858
2417146812
2417146812
2417146812
2417146812
2417146812
3438380349
3438380349
3438380349
2745866046
2745866046
2745866046
2745866046
1707101119
1707101119
1707101119
1374252224
1374252224
1374252224
3637457601
3637457601
2542014402
2542014402
2542014402
2542014402
2542014402
1781500995
1781500995
2698104580
2698104580
2698104580
2382635525
2382635525
2382635525
2359431174
2359431174
1116387719
1116387719
1116387719
1116387719
1116387719
2489892616
2489892616
2489892616
3345958921
3345958921
3345958921
975684618
975684618
975684618
344889867
566374668
566374668
566374668
566374668
566374668
2468882701
2468882701
2468882701
2545464078
2545464078
2545464078
3262681615
3262681615
3262681615
5017232
3903947025
3903947025
3903947025
3903947025
1774511249
1774511249
4255339538
4255339538
4255339538
4255339538
2959996307
1590925716
1590925716
1590925716
991408021
991408021
288287254
288287254
288287254
288287254
288287254
1913982999
1913982999
1747385240
1747385240
1747385240
1747385240
1747385240
1140851097
2288858777
2288858777
2101584538
2101584538
2101584538
1166366235
1166366235
613915548
613915548
613915548
2306769565
2306769565
2306769565
2306769565
4256045854
4256045854
4256045854
2133598495
2133598495
2133598495
1745166624
1745166624
1745166624
1745166624
2928216609
2932081186
2932081186
2932081186
1007761186
1007761186
4241108899
4241108899
4155014628
4155014628
4155014628
3842851941
3842851941
3842851941
383609190
383609190
383609190
383609190
1312403431
1312403431
1312403431
226193512
226193512
226193512
3891253993
3891253993
2142027753
2142027753
3813878250
3813878250
3813878250
2389080555
2389080555
2631850476
2631850476
2631850476
3650431853
2406513005
2406513005
4019081454
4019081454
4019081454
2267357039
2267357039
2267357039
2267357039
81629040
81629040
81629040
1257213041
1257213041
4021143025
3401096050
3401096050
3401096050
3401096050
2392250739
1361111668
1361111668
1092050420
1092050420
1478240373
1478240373
1478240373
2458198006
2458198006
2458198006
1507592695
1507592695
1507592695
1507592695
3934363512
3934363512
3934363512
4170033273
4170033273
4170033273
3457012218
3457012218
3457012218
488369659
488369659
385517436
385517436
385517436
220433917
220433917
220433917
220433917
47270654
47270654
47270654
1872608511
1872608511
1872608511
3912724224
3912724224
3912724224
3912724224
2702170241
4145739906
4145739906
4145739906
4145739906
828593794
112321283
112321283
2621738948
2621738948
2621738948
3981457733
3981457733
3971748421
2155729222
2155729222
2155729222
165535687
165535687
165535687
165535687
806088648
806088648
806088648
2548357321
2548357321
2548357321
2548357321
3569559498
3569559498
3569559498
566947147
4264268
4264268
4264268
4264268
1008662477
1008662477
1008662477
2360195278
2360195278
2360195278
2360195278
3638172239
3638172239
3638172239
3663042896
3663042896
3663042896
11451473
11451473
11451473
3410175570
3410175570
3410175570
3410175570
1498994259
899734868
313578580
313578580
313578580
3978803157
3978803157
3978803157
1958266454
1958266454
1958266454
895750999
895750999
895750999
895750999
895750999
4025401688
4025401688
2046041817
2046041817
2959434457
1294226266
1294226266
1294226266
2175556700
2175556700
2175556700
330618716
330618716
2023007197
2023007197
2023007197
2023007197
1759667038
1759667038
1759667038
1768944479
1768944479
1768944479
2074463712
2074463712
2074463712
4003834465
4003834465
4003834465
4003834465
1704200034
1704200034
1704200034
969768163
969768163
2810935844
2810935844
2810935844
2683011749
2683011749
1441589925
1441589925
2633733286
2633733286
2633733286
3883891879
3883891879
3883891879
424589608
424589608
424589608
424589608
4264007337
4264007337
4264007337
2425239978
2994778282
2994778282
543874731
543874731
420802092
3618357421
3618357421
3618357421
3618357421
3618357421
3940406318
3940406318
3940406318
3940406318
348094127
348094127
348094127
752699824
752699824
752699824
544216113
544216113
649280946
649280946
649280946
3818876978
3818876978
1415869492
1415869492
1415869492
909536053
909536053
1490700470
1490700470
1490700470
667385271
667385271
667385271
667385271
1391788344
1391788344
1391788344
1391788344
1391788344
1391788344
1466954553
1466954553
2573751225
1062972858
1062972858
1062972858
1062972858
3124871995
1694682428
1694682428
1694682428
3438380349
3438380349
13908413
13908413
4230412222
4230412222
4230412222
1159256383
1159256383
1159256383
783761984
783761984
783761984
4287772481
4287772481
4287772481
4287772481
901177154
901177154
901177154
1276705603
1276705603
675401476
1875638533
1875638533
1875638533
1875638533
1875638533
1875638533
4202957062
4202957062
4202957062
3096636423
3096636423
3363796232
3363796232
3363796232
3363796232
3363796232
3345958921
3572097929
3572097929
3302597386
3302597386
3302597386
917027851
917027851
1176636684
1176636684
1176636684
1301671437
1301671437
1301671437
1966161550
1966161550
1966161550
1966161550
120782863
120782863
120782863
3991158160
3991158160
3991158160
1774511249
1774511249
1774511249
1774511249
3238053522
3238053522
1499742355
1499742355
1590925716
1590925716
2428946836
2428946836
1270254997
1270254997
1270254997
3070370198
3070370198
3070370198
3455604247
3455604247
3455604247
3455604247
907323672
907323672
907323672
2288858777
2288858777
2288858777
1721018650
1721018650
1721018650
1721018650
2650692123
613915548
613915548
948934556
948934556
2637352349
2637352349
2637352349
1825740190
1825740190
1825740190
2222097951
2222097951
2222097951
2222097951
3044636960
3044636960
3044636960
1069998241
1007761186
1007761186
1007761186
1007761186
1007761186
3821959075
3821959075
2819555684
2819555684
2819555684
3842851941
3842851941
2034778213
2034778213
2236982630
2573111527
2573111527
2573111527
2573111527
2573111527
4156066280
4156066280
4156066280
4156066280
2142027753
2142027753
2142027753
3939288170
3939288170
2162312811
2162312811
2162312811
1565367276
1565367276
1565367276
2406513005
2406513005
2406513005
2995095662
2995095662
2995095662
2995095662
1129815279
1129815279
2782972272
2782972272
2782972272
2782972272
4021143025
4021143025
4021143025
4021143025
2055780594
2055780594
2055780594
1428956147
1428956147
1092050420
1092050420
1092050420
1987811957
1987811957
1987811957
3390558710
3390558710
3390558710
3390558710
286158327
286158327
286158327
863259896
863259896
863259896
863259896
4170033273
1968038137
1968038137
2663892858
2663892858
2663892858
1447166459
385517436
385517436
1171477884
1171477884
3208493949
3208493949
776258430
776258430
776258430
776258430
764310783
764310783
764310783
764310783
476538240
476538240
476538240
3486840577
828593794
828593794
828593794
828593794
828593794
828593794
1421335427
1066425540
1066425540
1066425540
1066425540
3971748421
3971748421
3971748421
1569299910
1569299910
3435730759
3435730759
3435730759
1900734280
1900734280
1900734280
1900734280
1900734280
721727817
721727817
721727817
3937992650
3937992650
3310329292
3310329292
3310329292
1008662477
1008662477
1290990669
1290990669
2966085198
2966085198
2966085198
2966085198
2966085198
2966085198
4098286287
4098286287
4098286287
834043856
834043856
834043856
834043856
11451473
11451473
11451473
1163518930
1163518930
727763283
313578580
313578580
313578580
313578580
313578580
331803221
331803221
331803221
3570066646
3570066646
3570066646
3570066646
1146161495
1146161495
1146161495
774688344
774688344
1493421658
1493421658
1493421658
1493421658
1493421658
1493421658
1493421658
1493421658
1054962651
1054962651
330618716
330618716
330618716
3614496477
3614496477
3614496477
1413602526
1413602526
1413602526
1413602526
2757881951
2757881951
2757881951
2074463712
3789198688
3789198688
3167811169
3167811169
3167811169
1700108002
1700108002
1700108002
1700108002
1275738595
1288990244
1288990244
1288990244
1441589925
1441589925
1441589925
1441589925
2488080038
2488080038
2488080038
4163258791
4163258791
4163258791
4163258791
3586808616
3586808616
3586808616
1564915241
1564915241
1564915241
2994778282
2994778282
2994778282
1544656171
1544656171
2946012972
2946012972
2946012972
3618357421
3618357421
3503316269
3503316269
1345659310
1345659310
2753526447
2753526447
2753526447
2753526447
999560112
999560112
999560112
999560112
355485873
355485873
355485873
3818876978
3818876978
3818876978
631390643
631390643
158734516
158734516
158734516
909536053
909536053
909536053
909536053
325616438
325616438
3182457015
3182457015
3182457015
3182457015
3757473080
3757473080
3757473080
2573751225
2573751225
2573751225
2573751225
2007659706
2007659706
2007659706
968574779
968574779
3573354428
3573354428
13908413
13908413
13908413
13908413
3687306430
3687306430
3687306430
3687306430
1496022207
1496022207
1496022207
3041395648
4287772481
4287772481
4287772481
4287772481
4287772481
4287772481
1158774850
1158774850
1158774850
768517315
675401476
675401476
918095748
918095748
68462981
68462981
68462981
1284438278
1284438278
1284438278
325996423
325996423
325996423
325996423
1235854728
1235854728
1235854728
3572097929
3572097929
3572097929
1842356362
1842356362
1842356362
1842356362
2508779659
1176636684
1176636684
1424425996
1424425996
2126275981
2126275981
2482272142
2482272142
2482272142
2482272142
189518735
189518735
189518735
2320994064
2320994064
2277183249
2277183249
2277183249
2277183249
2277183249
3238053522
3238053522
3886161426
248009491
248009491
2428946836
2428946836
2428946836
3224958357
3224958357
3224958357
1418824214
1418824214
1418824214
3999324823
3999324823
3999324823
3999324823
2234210840
2234210840
2201106585
2201106585
2201106585
1715029914
1715029914
220501275
948934556
948934556
948934556
948934556
2834076701
2834076701
2834076701
2834076701
2834076701
2834076701
3408932254
3408932254
3408932254
3408932254
1031883167
1031883167
1031883167
2278034592
2278034592
2278034592
2016253985
2016253985
2109009442
2109009442
2109009442
2109009442
2109009442
3821959075
573929444
573929444
573929444
573929444
2034778213
2034778213
2034778213
4289190886
4289190886
4289190886
1399126119
1399126119
1399126119
3615981288
3615981288
3615981288
3615981288
3534133609
3534133609
3534133609
3939288170
3939288170
3062065002
3062065002
3616276459
1573896300
1573896300
1573896300
1573896300
167242861
167242861
167242861
2995095662
3416828654
3416828654
817586927
817586927
817586927
121095920
121095920
121095920
121095920
1720791665
1720791665
1720791665
2055780594
2055780594
3854579314
3917490931
3917490931
3468111476
3468111476
3468111476
1987811957
1987811957
2904232181
2904232181
1648942838
1648942838
1648942838
3774944631
3774944631
3984262008
3984262008
3984262008
3984262008
1968038137
1968038137
1968038137
2339140090
2339140090
2339140090
2339140090
2874288251
2874288251
1171477884
4252910077
4252910077
4252910077
4252910077
4252910077
3407255166
3407255166
3407255166
3407255166
3349269759
3349269759
3349269759
1006046080
1006046080
1006046080
2723795201
2723795201
3793143682
3793143682
3793143682
3793143682
3793143682
1421335427
1421335427
2539121732
2539121732
2539121732
2396385349
2396385349
2396385349
1569299910
1569299910
3563354822
4137513031
4137513031
4137513031
4137513031
1900734280
1265466824
1265466824
900561481
900561481
900561481
3549793226
3549793226
3549793226
3549793226
4286948299
303406156
303406156
303406156
1290990669
1290990669
1290990669
1290990669
2353935438
2353935438
2353935438
3313048015
3313048015
3313048015
3313048015
2721143632
2721143632
2721143632
2313881169
2313881169
2313881169
1163518930
1163518930
1907661650
661239379
661239379
871032148
871032148
871032148
331803221
331803221
627744981
627744981
3263414742
3263414742
3263414742
3614884055
3614884055
2897644248
2897644248
2897644248
2897644248
2897644248
2465261785
2465261785
2465261785
1493421658
1493421658
3623116122
194470747
194470747
3366778460
3366778460
3366778460
3614496477
3322183389
3322183389
3322183389
941017438
941017438
941017438
1637580511
1637580511
1637580511
3789198688
3789198688
3789198688
1203307617
1203307617
1203307617
1203307617
2396704482
2396704482
2396704482
1210424035
1210424035
1591417252
1591417252
1591417252
359432997
359432997
359432997
2488080038
2488080038
2488080038
2488080038
3199759015
3199759015
3199759015
204775464
204775464
204775464
22883753
22883753
22883753
2099695530
2099695530
2099695530
2099695530
1544656171
2126359596
2126359596
2126359596
2126359596
3503316269
3503316269
3503316269
2080826414
2080826414
2080826414
286980527
286980527
286980527
286980527
3126860720
3126860720
3126860720
3764419249
3764419249
3764419249
61213618
61213618
61213618
61213618
631390643
1426671668
1426671668
1426671668
1426671668
554303541
554303541
554303541
325616438
325616438
125463094
3198442551
3198442551
3198442551
3198442551
1407253688
488251321
488251321
488251321
488251321
488251321
2007659706
2007659706
1913178554
1661627707
1661627707
997464124
997464124
997464124
1042813629
1042813629
1042813629
1042813629
3687306430
2974488382
2974488382
1281741503
1281741503
1281741503
927171904
927171904
927171904
927171904
3626274497
3626274497
3626274497
1158774850
1158774850
1158774850
4134959811
4134959811
918095748
918095748
918095748
2310511493
2310511493
2310511493
2310511493
1974417798
1974417798
1974417798
1377935623
1377935623
1377935623
2591101320
2591101320
2591101320
1251316233
1251316233
1251316233
1251316233
1842356362
1393436042
1393436042
1987853451
1424425996
1424425996
1424425996
1424425996
2920484621
2920484621
2920484621
2369738126
2369738126
2369738126
2369738126
62975631
62975631
62975631
1618346128
1618346128
1618346128
2864145041
2864145041
2864145041
2864145041
3886161426
3886161426
3886161426
488274196
