420448422
420605757
420763708
420921463
421101067
421239116
421394445
421553026
421710475
421868293
422026066
422183642
422342048
422503054
422657989
422815880
422973359
423131050
423288579
423446729
423603868
423761789
423920127
424078826
424235585
424393881
424551119
424709102
424866551
425024795
425189912
425339791
425497492
425655074
425812808
425970319
426127892
426285656
426447030
426601671
426759079
426917880
427074604
427232121
427389845
427547444
427705360
427863189
428045159
428178680
428337140
428495497
428654325
428811797
428970342
429128137
429286379
429445472
429602007
429760248
429917429
430075294
430232613
430394573
430548227
430726194
430863158
431021262
431178889
431336867
431494269
431652101
431810754
431968412
432126042
432297450
432444076
432598996
432756682
432914387
433072175
433229615
433387378
433545026
433702890
433864843
434017823
434175906
434333120
434490882
434648815
434806624
434964289
435121659
435279700
435437587
435595838
435754187
435912408
436070409
436228101
436390591
436547150
436702191
436859330
437017055
437175561
437335241
437493486
437651493
437809257
437967140
438125489
438284851
438443010
438599706
438757436
438916002
439074613
439231853
439389651
441172052
441329679
441564044
441722636
441897407
442042851
442201370
442359046
442519460
442678195
442837287
442995191
443154532
443311933
443506479
443627630
443786402
443943946
444102522
444261190
444418965
444577125
444735105
444892940
445051642
445210025
445368391
445525963
445683457
445841753
446033982
446196997
446354586
446512585
446698280
446828845
446987255
447144359
447302868
447462155
447620075
447778585
447936984
448095270
448253586
448411111
448568955
448726563
448884380
449041862
449200559
449357237
449514850
449672357
449830119
449987675
450145385
450302944
450460677
450618277
450776151
450933506
451091146
451269417
451406497
451564059
451721722
451879505
452037059
452194579
452353445
452510428
452667822
452825515
452983083
453140933
453298858
453457395
453613504
453771322
453928867
454086555
454244373
454402612
454559645
454717506
454874929
455032787
455213503
455348033
455507439
455664083
455822364
456001243
456136962
456297330
456452721
456610206
456767624
456925629
457082849
457240500
457398115
457555780
457713292
457904064
458029043
458187277
458345328
458503001
458660720
458818819
458977292
459135675
459293602
459452292
459610090
459768850
459927263
460085450
460244216
460466622
460652727
460820714
460968925
461127650
461287169
461444886
461605280
461760438
461918033
462075602
462233252
462390897
462548780
462706791
462864735
463022601
463203078
463338347
463496620
463660804
463813384
463971314
464129142
464294972
464446454
464604678
464762505
464920112
465078878
465236976
465395444
465553590
465711950
465896920
466028624
466187473
466344094
466501605
466659372
466817477
467010311
467168863
467329651
467500045
467646287
467804303
467994872
468123040
468280826
468447616
468596718
468755401
468913612
469098947
469229939
469385693
469546176
469704699
469862715
470022009
470178967
470336811
470494109
470651632
470809447
470967701
471124675
471282513
471440074
471597633
471755586
471913548
472070917
472228253
472386255
472543817
472701351
472874754
473016824
473174583
473332092
473490198
473647520
473805333
473962854
474120511
474278603
474436859
474593619
474751260
474908789
475066807
475224269
475381708
475541152
475697622
475855262
476012749
476170450
476328147
476485558
476643735
476801127
476958912
477116409
477274181
477432102
477589364
477747164
477904864
478062372
478220517
478377903
478535571
478695386
478850698
479009100
479180528
479323670
479481626
479639146
479797180
479954604
480112041
480295853
480427699
480585522
480779495
480900704
481058343
481215878
481373894
481531245
481688622
481846494
482004088
482162323
482319393
482477109
482635328
482793838
482950777
483108119
483265721
483423423
483581677
483739510
483898119
484055956
484213589
484371347
484529045
484686600
484846851
485002223
485159822
485317542
485475328
485632594
485790397
485948546
486105731
486263294
486423731
486582012
486740282
486898905
487125869
487283514
487441548
487599080
487757384
487914587
488081114
488231311
488400166
488559818
488718196
488876165
489034375
489205915
489350678
489509572
489669188
489825945
489983887
490142602
490301042
490458198
490616134
490773741
490931825
491090140
491268348
491427104
491585690
491744736
491904579
492062880
492273356
492432519
492591943
492750749
492910218
493098575
493227270
493385690
493566011
493700747
493858750
494016128
494173824
494331830
494489365
494646958
494804622
494962710
495119943
495277791
495435802
495594198
495750920
495908814
496066397
496224294
496381689
496540139
496697237
496854730
497012860
497170275
497327939
497485652
497643290
497801091
497959547
498117512
498269405
498433273
498591025
498748687
498906310
499064021
499221877
499379803
499543487
499695335
499853024
500010900
500168300
500325852
500484043
500641560
500799766
500957997
501120247
501273356
501430977
501588890
501746358
501903921
502061517
502219727
502376972
502535724
502705152
502850065
503008199
503165399
503323134
503481021
503638203
503795960
503953935
504111206
504296010
504426467
504584273
504748216
504899072
505056856
505214332
505372098
505529627
505687033
505845202
506002386
506160248
506347122
506475134
506633046
506802875
506949177
507106771
507266640
507425242
507582828
507738600
507898805
508056415
508214329
508371970
508530282
508690358
508846611
509003799
509161490
509319218
509477127
509635800
509792251
509949892
510107457
510265180
510422836
510580612
510738746
510895846
511054028
511211224
511368886
511526572
511683969
511841848
512003594
512157191
512314739
512472422
512630497
512787656
512945449
513103385
513261099
513418761
513576391
513734097
513904917
514064534
514208096
514365882
514523590
514681295
514838817
514996653
515154833
515318191
515498179
515628015
515785853
515943141
516101439
516259167
516416794
516575020
516732621
516890252
517047688
517206006
517363454
517538376
517678592
517836389
517994114
518152145
518310725
518467480
518625398
518783286
518941013
519137082
519255976
519414153
519572999
519730041
519887714
520044852
520202823
520360343
520519490
520675627
520833618
520991282
521202708
521307392
521465455
521623322
521803748
521803748
522120357
522254105
522412263
522569619
522727399
522885103
523042383
523204607
523359434
523517116
523675021
523833299
523990426
524159205
524317269
524475035
524633440
524791019
524948694
525106206
525264379
525422255
525579453
525737333
525895621
526053244
526211666
526369913
526527586
526698708
526842914
527000770
527158104
527316399
527474292
527631901
527789720
527947580
528104894
528298434
528420253
528578134
528735286
528893128
529051167
529208751
529366887
529524537
529682043
529839960
529997415
530155370
530317603
530470731
530628637
530786473
530944092
531102621
531259500
531416916
531574100
531732377
531890063
532048402
532206359
532363888
532521657
532679216
532837257
532994623
533152177
533306070
533468414
533625507
533783495
533942503
534099124
534256705
534414341
534572330
534729543
534887534
535045171
535202812
535360879
535518164
535676312
535834885
535992973
536150751
536317846
536466785
536624949
536782322
536940058
537097740
537255283
537413004
537571904
537728417
537899819
538043764
538201584
538358811
538516729
538674364
538832076
538990114
539147709
539305283
539498273
539620605
539778530
539935874
540093963
540251412
540409041
540566710
540724608
540881840
541039994
541197484
541355103
541512453
541670219
541827986
541985615
542143248
542301147
542458545
542616192
542773756
542932042
543103224
543248435
543405064
543562772
543720468
543878387
544035509
544193422
544350891
544509304
544700022
544848388
545006564
545164795
545322369
545479806
545637424
545795482
545952745
546111006
546298039
546426264
546584702
546742464
546900956
547057798
547215183
547373170
547530759
547688445
547845866
548003813
548161504
548319208
548477108
548634680
548792174
548988930
549116464
549265096
549422604
549581430
549738696
549896107
550053957
550211424
550369083
550527144
550697441
550842066
550999946
551157688
551315602
551475874
551631853
551790310
551977380
552135896
552296887
552452640
552611113
552769406
552927857
553086811
553244440
553402731
553560880
553718991
553898062
554035394
554194390
554352196
554510517
554669288
554827151
554985685
555144160
555302549
555495112
555619035
555790572
555948670
556107043
556265729
556423813
556582478
556740770
556899026
557099211
557215900
557374426
557532454
557690927
557895885
558053984
558212240
558370543
558528878
558695331
558845443
559004382
559176018
559334389
559493040
559651043
559816265
559974835
560132925
560301349
560449538
560607443
560765590
560923913
561081148
561238516
561396460
561554166
561711730
561896612
562027299
562185545
562342462
562500254
562658780
562815660
562973628
563132167
563289385
563452154
563606087
563764289
563922061
564080066
564238132
564395788
564553509
564711722
564868690
565026939
565185495
565344442
565501363
565659415
565816939
565974503
566132150
566289823
566447449
566605139
566762598
566920355
567103065
567235363
567393037
567550594
567708820
567866913
568024207
568182320
568341469
568497902
568672653
568813327
568970593
569128331
569285914
569443562
569601246
569759192
569916207
570074132
570231386
570389711
570547164
570704859
570862543
571020291
571177927
571335624
571495631
571650882
571808616
571966486
572123765
572281428
572441152
572596899
572754701
572912104
573096530
573227575
573385207
573542859
573700415
573858111
574015658
574173395
574331259
574488904
574646893
574805469
574963781
575121642
575279730
575519866
575677924
575838437
575996225
576154391
576312429
576471117
576629175
576787431
576945238
577103234
577261077
577419321
577577459
577735516
577896666
578051070
578209832
578368563
578526088
578684311
578842884
579000842
579158496
579316453
579496402
579632741
579791204
579950037
580108216
580266073
580429665
580587772
580746220
580904862
581097078
581220323
581378962
581536946
581695148
581853931
582011808
582170270
582328732
582486977
582645240
582803679
582962252
583120440
583279395
583437705
583595694
583754451
583911756
584069537
584227277
584385873
584543662
584700831
584858541
585016379
585174009
585331616
585489382
585646807
585804740
585962800
586120313
586278087
586435628
586593764
586752013
586909593
587067343
587225079
587382721
587541191
587698399
587855432
588013454
588171021
588328640
588486688
588644526
588803279
588960222
589117755
589275954
589447536
589591620
589749322
589907155
590064699
590222386
590380222
590538658
590697792
590855384
591042410
591171218
591329176
591487202
591644788
591802675
591960256
592117835
592307503
592433891
592591079
592748432
592906531
593064543
593222251
593380463
593538532
593696348
593853982
594011651
594170001
594326933
594484850
594642883
594800761
594958011
595116012
595273036
595430947
595589617
595747581
595905524
596064069
596222443
596381025
596539266
596699010
596855799
597014210
597172433
597330853
597488850
597647202
597805415
597963788
598122459
598280355
598438552
598597335
598755536
598915025
599073568
599231779
599390351
599556055
599706886
599865227
600023823
600183225
600342150
600500027
600658085
600816441
600974769
601133270
601291693
601450147
601608414
601767567
601925679
602084234
602242247
602400671
602559118
602717632
602875609
603034251
603193771
603351647
603509834
603667940
603827895
603984668
604144734
604303170
604461544
604619333
604777692
604935819
605096707
605252770
605423924
605568002
605725652
605883370
606041064
606198781
606357036
606514919
606695616
606830053
606987561
607144848
607302743
607461480
607619423
607777453
607935833
608093785
608252281
608409479
608684290
608725269
608883238
609042067
609199403
609357439
609515236
609672086
609832849
609995222
610145918
610303039
610461090
610619161
610777538
610935907
611093288
611250969
611409193
611566088
611724234
611881580
612039311
612197621
612355957
612512851
612670401
612828032
612985738
613143883
613308646
613459237
613620770
613786785
613933275
614093931
614248686
614407135
614565383
614723191
614880729
615038182
615197354
615361615
615512810
615670497
615828146
615985770
616143268
616300970
616458757
616616296
616774533
616933044
617090936
617248785
617406276
617564100
617721663
617898245
618037469
618212222
618352297
618510130
618667687
618825402
618983176
619140918
619298505
619496227
619614591
619805683
619929750
620087477
620245583
620403102
620560932
620718561
620876131
621034013
621191485
621349346
621506712
621664587
621823442
621987851
622145851
622304068
622461571
622619274
622776784
622934412
623092340
623249949
623407873
623565764
623723109
623880811
624038277
624196611
624353989
624511952
624669931
624828616
624987393
625145397
625303105
625460799
625619131
625776317
625933839
626091715
626249500
626407423
626565077
626722757
626880106
627038052
627195855
627353579
627513156
627668978
627826291
627984065
628153374
628300515
628458593
628617112
628775438
628933289
629099128
629248197
629406019
629564096
629721517
629878989
630036563
630194304
630352101
630509988
630698242
630825259
631001055
631140374
631298326
631455694
631613133
631771321
631928605
632086012
632243903
632401678
632594728
632717589
632875165
633033003
633190395
633348304
633506337
633663621
633821672
633979848
634136610
634293958
634451932
634609585
634767163
634924833
635083010
635239904
635397817
635555269
635712865
635870411
636028475
636185963
636343651
636501196
636658911
636816358
636974168
637131597
637289565
637447229
637605088
637762585
637920298
638077897
638235614
638393257
638550796
638708450
638866299
639023690
639181404
639338923
639496603
639654509
639812092
639969747
640127340
640291269
640443828
640601793
640760698
640917693
641075482
641232795
641391602
641548421
641706366
641896228
642022378
642193180
642337417
642494878
642652615
642809998
642967872
643125428
643283110
643440858
643598903
643795830
643913640
644071627
644229198
644386880
644544423
644702603
644859813
645017914
645175890
645333538
645490976
645648627
645806797
645964062
646121724
646279416
646446515
646594673
646752509
646910284
647067802
647225518
647383204
647541263
647698597
647856690
648013792
648172147
648330262
648488231
648645632
648803612
648961710
649119583
649278021
649435760
649592776
649750572
649908189
650065970
650223922
650381247
650539422
650697795
650854981
651012740
651170386
651327880
651491995
651643774
651801007
651958436
652116743
652274470
652431954
652589783
652747519
652905136
653095824
653221135
653401890
653536071
653693587
653851641
654009414
654166985
654324593
654482223
654640143
654797793
654994029
655113589
655270712
655428624
655586748
655744402
655902087
656059961
656217887
656376203
656540230
656691760
656849666
657008050
657167296
657325047
657482367
657640040
657797824
657952539
658113078
658270903
658428330
658586438
658744056
658901690
659059828
659218191
659375478
659533687
659691418
659849092
660006954
660164797
660323057
660480030
660637896
660795866
660953369
661110879
661268867
661426421
661584613
661746197
661899568
662057838
662214913
662372824
662530707
662699260
662846078
663003474
663160942
663319083
663476552
663634496
663792537
663950588
664108622
664298062
664423911
664591006
664739394
664897623
665055076
665212609
665370391
665528067
665685987
665843276
666001386
666158759
666316764
666474701
666632450
666789787
666947934
667105554
667263237
667420590
667578692
667747069
667893792
668052053
668209967
668367634
668525586
668683875
668841972
669000108
669158044
669347979
669473085
669630746
669788671
669946770
670104139
670261736
670419338
670577058
670735417
670892350
671049753
671208415
671365753
671523869
671681624
671839317
671996916
672154751
672312175
672469989
672627840
672788023
672944039
673100914
673258296
673416168
673574021
673731383
673905937
674047281
674206749
674364130
674521908
674679801
674837265
674995395
675153745
675310278
675498816
675625798
675783230
675941981
676099590
676257335
676414791
676573580
676730448
676888067
677046021
677203964
677360974
677518710
677676311
677834074
677992844
678150252
678308303
678465884
678623507
678781597
678940310
679097863
679255546
679412218
679569896
679727892
679885481
680043097
680200627
680358176
680535094
680673753
680831252
680989150
681146866
681304636
681462723
681620824
681778951
681936680
682094460
682252148
682409825
682567527
682725212
682883087
683040628
683198671
683356564
683514355
683671840
683829712
683987290
684145159
684303370
684461174
684618817
684776517
684934107
685095930
685249292
685407024
685564992
685722731
685880367
686038015
686195682
686353327
686511115
686698504
686826647
687011401
687169456
687327157
687485078
687642845
687800608
687958212
688115904
688298490
688431230
688592125
688746546
688904247
689061821
689219292
689377436
689534902
689692340
689849957
690007926
690165471
690323343
690480825
690638845
690797382
690953924
691111540
691269191
691426618
691584597
691745459
691899822
692057547
692215898
692373776
692531832
692689677
692848085
693006833
693164554
693322303
693479620
693637589
693795470
693953497
694110581
694268265
694425690
694583483
694742006
694917318
695057531
695215327
695373261
695530599
695688124
695846078
696007402
696161507
696319196
696515519
696634663
696792647
696951205
697109220
697267098
697424743
697583020
697740437
697898641
698055566
698213180
698370732
698528593
698686085
698843638
699001341
699159010
699316482
699499858
699631828
699789635
699947539
700105020
700262666
700420164
700577991
700735582
700893138
701050535
701208535
701365986
701523736
701681296
701839023
701989721
702154187
702312050
702470695
702628455
702787071
702945332
703102975
703260901
703418442
703576054
703733654
703891532
704049020
704206651
704365231
704522089
704679525
704830537
704995091
705152682
705310108
705468087
705625702
705783535
705941692
706104181
706256811
706414164
706573052
706729344
706887239
707044583
707211261
707360360
707517960
707700941
707833542
707991549
708148808
708306520
708464137
708621853
708779527
708937250
709114502
709252664
709410569
709567895
709726643
709884339
710041662
710199491
710364291
710515231
710699046
710831120
710989405
711147065
711304820
711462541
711620124
711778239
711936404
712093697
712251353
712409158
712566908
712724304
712881958
713039820
713197620
713355099
713513217
713670858
713828338
713986542
714144525
714301761
714459479
714617207
714774947
714932690
715094718
715247903
715411126
715564057
715723603
715879425
716039309
716195756
716353576
716511302
716669133
716828009
717009824
717167794
717325518
717482768
717640878
717799138
717956694
718114295
718272161
718430443
718588536
718746354
718903794
719061655
719219543
719377309
719535224
719692838
719850592
720028984
720166580
720324168
720484527
720638997
720797003
720955482
721125509
721270099
721428074
721605903
721746416
721901420
722088853
722218106
722375131
722532627
722690273
722847814
723005828
723164252
723321558
723499731
723636727
723794627
723952209
724109987
724267607
724425124
724582864
724741297
724915335
725099405
725213468
725371087
725528640
725687075
725844705
726002407
726160107
726318762
726476241
726634171
726791508
726949202
727106894
727264326
727422518
727580179
727737874
727896476
728054887
728212630
728370100
728527937
728685543
728843319
729001211
729158842
729316945
729474128
729632192
729789733
729947262
730104985
730262690
730420391
730577973
730735623
730893244
731051234
731209809
731365915
731523356
731682089
731839461
731997363
732155457
732312900
732470607
732628184
732785902
732944421
733101151
733268071
733416414
733574277
733732182
733889850
734047769
734205959
734363873
734522947
734698723
734866877
734995262
735152749
735310632
735468440
735625828
735787592
735942257
736104244
736255939
736414483
736572549
736729644
736887525
737045127
737202989
737360196
737518404
737675453
737834371
737990645
738148215
738305740
738463479
738621911
738779313
738936541
739094378
739251555
739410021
739566887
739724891
739882073
740039757
740197811
740355577
740513113
740671163
740828610
740987127
741144527
741301520
741459057
741616843
741774128
741931705
742089736
742247313
742405670
742562123
742719771
742877175
743035048
743192665
743350313
743507973
743665941
743823679
743980969
744138330
744303464
744455318
744611539
744769179
744926696
745084439
745242392
745400009
745557351
745714952
745900828
746050551
746188624
746346776
746504757
746663543
746820940
746978931
747136301
747293810
747451555
747609135
747766803
747924234
748082228
748240032
748397378
748555611
748712990
748870469
749028270
749186450
749344322
749502340
749660298
749818052
749976205
750134100
750291146
750449775
750606635
750764354
750922073
751079653
751238584
751395466
751557067
751711181
751868279
752026098
752185023
752344201
752501098
752659093
752816808
752974487
753132752
753291159
753448797
753607013
753764182
753922211
754080292
754238115
754397050
754555009
754713477
754871261
755029529
755186876
755344311
755502247
755659910
755817636
755975252
756132870
756290976
756448417
756606055
756763690
756921451
757099334
757238645
757395205
757553309
757719855
757879889
758037707
758195751
758353293
758511035
758698484
758838549
758984401
759142231
759300152
759458409
759615289
759773128
759930769
760093430
760249863
760436235
760566368
760724428
760882888
761041646
761199297
761357597
761515899
761673743
761832208
761990047
762148473
762306353
762469834
762622941
762780473
762938434
763096756
763255018
763412889
763571575
763729532
763887400
764045589
764204001
764361968
764520134
764678298
764836604
764994897
765153131
765311486
765469457
765627784
765788124
765946801
766104502
766263036
766421335
766580485
766738847
766897172
767055924
767213865
767372583
767529982
767688293
767846734
768013017
768163658
768322789
768482393
768641038
768799753
768960534
769119280
769279274
769436119
769610315
769751665
769909363
770066913
770224757
770382628
770539980
770699353
770856720
771015599
771173642
771331895
771490019
771651851
771806320
771964643
772122901
772290741
772439349
772597970
772756222
772914730
773099115
773230819
773389331
773547910
773706427
773864011
774022166
774180683
774339099
774497487
774656404
774817940
774972932
775131345
775339581
775497340
775655087
775813435
775971693
776129954
776301836
776446773
776605081
776762524
776920015
777077850
777235891
777394348
777552666
777714438
777896242
778027111
778185849
778343793
778502628
778661513
778819176
778977626
779136371
779294540
779454232
779612387
779772566
779933637
780091868
780250359
780408584
780566650
780724375
780882098
781040233
781209549
781355298
781512849
781670729
781828288
781986079
782143909
782302125
782459279
782617197
782808973
782932274
783083224
783247708
783406340
783564433
783734940
783880480
784038175
784197204
784353375
784511339
784669298
784827933
784986959
785143655
785301296
785458980
785616700
785775119
785932199
786090437
786248288
786406430
786563657
786721391
786878911
787036741
787206721
787351814
787509930
787667818
787825062
787983349
788140769
788299125
788456273
788613996
788771747
788929113
789098786
789244596
789402468
789560038
789717717
789875479
790033044
790190814
790348701
790506676
790699394
790830212
790988781
791145998
791303770
791462108
791619732
791777882
791935677
792093259
792251655
792409059
792566817
792724469
792881896
793039719
793197552
793354986
793512480
793669967
793828095
793994712
794143304
794300872
794458667
794616820
794782453
794939923
795097835
795256169
795413781
795590607
795728733
795886046
796043734
796201840
796359528
796517309
796675264
796833033
796991000
797148646
797305881
797463912
797621233
797779659
797937304
798094827
798252598
798410215
798568108
798725427
798884212
799040822
799198577
799356108
799548863
799548863
799828986
800005531
800144651
800301964
800459497
800618367
800774894
800932444
801090137
801247861
801405620
801563693
801720873
801907241
802036797
802193970
802351755
802509341
802666866
802824456
802982136
803140209
803297554
803455421
803612528
803770292
803934196
804085949
804243468
804400938
804558959
804716759
804874105
805032552
805189375
805347266
805504601
805662495
805820185
805977933
806135730
806293506
806450671
806608848
806779289
806923908
807081620
807239104
807396947
807554663
807712296
807870291
808027590
808185471
808382838
808500668
808658383
808816095
808973713
809131323
809289476
809448376
809606648
809764274
809921202
810079152
810236790
810394597
810552265
810710023
810868216
811026733
811206551
811342196
811499762
811657415
811815906
811973184
812130952
812288656
812446547
812604297
812761858
812919742
813113585
813234732
813392663
813550387
813708622
813866344
814023964
814182076
814339336
814496916
814655137
814812292
814970078
815127644
815285284
815443204
815600807
815759141
815916187
816074334
816236261
816394666
816562812
816720149
816878185
817036055
817194964
817351577
817509460
817666686
817824969
817982078
818139857
818297440
818455023
818612805
818770685
818928075
819085687
819243186
819402342
819583174
819716236
819874051
820031780
820189461
820347317
820504985
820662261
820820025
820977761
821159190
821293045
821450900
821608520
821766052
821937388
822081673
822239983
822405281
822565865
822714115
822871768
823029118
823186788
823345762
823502598
823660134
823817899
823975533
824134006
824317096
824449321
824607199
824765061
824922426
825080309
825237628
825395308
825552941
825710330
825897836
826025771
826183456
826341081
826498933
826656921
826814022
826972408
827129593
827286976
827445222
827602601
827760524
827918530
828078223
828237180
828394774
828562333
828711385
828868440
829026946
829184199
829342675
829500405
829659156
829817249
829975089
830132903
830292758
830449087
830607167
830764971
830922681
831080379
831238686
831396802
831555318
831712654
831880052
832031731
832189596
832350551
832505710
832663739
832822323
832979914
833137567
833295166
833453922
833611003
833768779
833942724
834084988
834242274
834400202
834557558
834715244
834872981
835030573
835188333
835346070
835503584
835661318
835819143
835977088
836134710
836292373
836449904
836607872
836765621
836922784
837098021
837237936
837395834
837553691
837711161
837868883
838026271
838185220
838342774
838500790
838739137
838816243
838974722
839132242
839290315
839448953
839606359
839765070
839923228
840080852
840239084
840396654
840574855
840712721
840870657
841028673
841186909
841344720
841502682
841660485
841818759
841976512
842134675
842292874
842450289
842608557
842766124
842924267
843082302
843240350
843398288
843556168
843713510
843871665
844028558
844186546
844344135
844502014
844660599
844817115
844976031
845135203
845291661
845450615
845608173
845765923
845923527
846141221
846239884
846402870
846556939
846735449
846880827
847030842
847189421
847347779
847511970
847696685
847828958
847987480
848144522
848334042
848459608
848617593
848775899
848933954
849092029
849256598
849407185
849564891
849716221
849930997
850038088
850196470
850353119
850510969
850668610
850826160
850984183
851141749
851299367
851457084
851615147
851772607
851930612
852094563
852245651
852403555
852561053
852721899
852877092
853035218
853193111
853350883
853508406
853666360
853824589
853983607
854141700
854300274
854458881
854616618
854774877
854933158
855091218
855249805
855408133
855566583
855724953
855883074
856041154
856199722
856357679
856515965
856674111
856832466
856990514
857148961
857307140
857465709
857623796
857782509
857941611
858100102
858258319
858416924
858575253
858733813
858892134
859050576
859209011
859367929
859532086
859684171
859842347
860001040
860159547
860317488
860475609
860634392
860796001
860951224
861135831
861267653
861425776
861583732
861741262
861899788
862057040
862214533
862372162
862530200
862745897
862845194
863002778
863160488
863318051
863484578
863633248
863791435
863949070
864106883
864334340
864422142
864579744
864737928
864896516
865054741
865249270
865407628
865565324
865723967
865935326
866038557
866196609
866354003
866511488
866669361
866827066
866984638
867142300
867294493
867457761
867614927
867772894
867930377
868088186
868245824
868403267
868561543
868719723
868877107
869034918
869192616
869350206
869507725
869665875
869823339
869980964
870138863
870296447
870454763
870612502
870771015
870937351
871086608
871244373
871402258
871560007
871717341
871875265
872032669
872190762
872348126
872505704
872663624
872821627
872979065
873136705
873294207
873452391
873610107
873768603
873932284
874088820
874243884
874401617
874559675
874717484
874875112
875033182
875190555
875348941
875528156
875665358
875823742
875982812
876140658
876298440
876456075
876614033
876771313
876929546
877126196
877245111
877402346
877562831
877718135
877875568
878033138
878191646
878349337
878507540
878727336
878823884
878982321
879141247
879299080
879457390
879615392
879773574
879931533
880088969
880246319
880404514
880563147
880720737
880879207
881037709
881196485
881354583
881511935
881670142
881827651
881985496
882143410
882301073
882458730
882616586
882774986
882933332
883091278
883249549
883407741
883566124
883724304
883881856
884039813
884197692
884355547
884513377
884670950
884828487
884986304
885143742
885308204
885460189
885618121
885776166
885934502
886092342
886250960
886408638
886567763
886725660
886896906
887041639
887200167
887358209
887516553
887674282
887832383
887991875
888153869
888315358
888464914
888623420
888781470
888939906
889099382
889259081
889417838
889577022
889736687
889911703
890052187
890210064
890368088
890526516
890685071
890843253
891001466
891159549
891317916
891518452
891634784
891792420
891950785
892108865
892267735
892425630
892585369
892743347
892901814
893118787
893218120
893377044
893534215
893692513
893851323
894009497
894168301
894326222
894484723
894710295
894800717
894958289
895116296
895274536
895432536
895590434
895747741
895905555
896058839
896221695
896378589
896536491
896694024
896852438
897011201
897169180
897328093
897485557
897646849
897804979
897962473
898120218
898277589
898437268
898594811
898752294
898910330
899067574
899225690
899384645
899541778
899699479
899856900
900015103
900172529
900330104
900487734
900645394
900805190
900960994
901118200
901276390
901433863
901592163
901749661
901907508
902065770
902233295
902382941
902541876
902700944
902858915
903017237
903175172
903334942
903493635
903651936
903809975
903967636
904125521
904301736
904440598
904598533
904756289
904913690
905075623
905230305
905388095
905545834
905703422
905902651
906018971
906177310
906335403
906493632
906652047
906810198
906968399
907126802
907285025
907454063
907600387
907758084
907915633
908073473
908231424
908388753
908547397
908704503
908862150
909057443
909177879
909335547
909493335
909650711
909808459
909966580
910124361
910281950
910441081
910597737
910755742
910913434
911079044
911228978
911387030
911545261
911702530
911860787
912018151
912175636
912333360
912491256
912651831
912807221
912965779
913123323
913280700
913438581
913595955
913753854
913911367
914069073
914234470
914385846
914623377
914781648
914939911
915097960
915255517
915444722
915570511
915728802
915886199
916044090
916202671
916360106
916517688
916675221
916833649
917002398
917148624
917306170
917463811
917621454
917779068
917936714
918094278
918251972
918409430
918567146
918725052
918882648
919040896
919199337
919357755
919516043
919674207
919832246
919989919
920147593
920305111
920462833
920621058
920778496
920936346
921094421
921252135
921410381
921568545
921726651
921913743
922042036
922199769
922356852
922514807
922673266
922831400
922989296
923147400
923304665
923462705
923620159
923778573
923937330
924094692
924252582
924409936
924567975
924725637
924884296
925041060
925199110
925357115
925514783
925672280
925831919
925988735
926147471
926304185
926461891
926630636
926777508
926935211
927093482
927251232
927409284
927567486
927724587
927887570
928039977
928226143
928354864
928512786
928670221
928828081
928986420
929144104
929301653
929459348
929617609
929774961
929932086
930090403
930248233
930406272
930699441
930699441
930879616
931122516
931195388
931354486
931511927
931669838
931827930
931986566
932144882
932302268
932460321
932618018
932776243
932933969
933100813
933249301
933460229
933647596
933728313
933879955
934076368
934076368
934352828
934510779
934699115
934825772
934983438
935141053
935298766
935456366
935614549
935772899
935931275
936089449
936247523
936405320
936562950
936720829
936878364
937036193
937194222
937352444
937509995
937667309
937825139
937982866
938140592
938299273
938455711
938614580
938772114
938930881
939089092
939246593
939412676
939564435
939720673
939877936
940035613
940193602
940351928
940510438
940669150
940826643
941010705
941141980
941299691
941457171
941615190
941773882
941930726
942088064
942246069
942403129
942561485
942719145
942891779
943036000
943195158
943353117
943511587
943668267
943826572
943984038
944141737
944300327
944457097
944614747
944772695
944930065
945087711
945245411
945403352
945560718
945718437
945893053
946046563
946204884
946362545
946520588
946678349
946836100
946993982
947151368
947309139
947498671
947624559
947782982
947940312
948098529
948256580
948414133
948572616
948729745
948887439
949045539
949203241
949360913
949518946
949676200
949833870
949991544
950149220
950306932
950464507
950622088
950779883
950938026
951094910
951252718
951410558
951568168
951725883
951883896
952041427
952199445
952357812
952516512
952674299
952831854
952989873
953147789
953305157
953462824
953620710
953798463
953936401
954094170
954252316
954410029
954567793
954725938
954883165
955040864
955204479
955396187
955513805
955671334
955829247
955986913
956144892
956307573
956460519
956618004
956776063
956933071
957106166
957250094
957406485
957565067
957723232
957881022
958038663
958196754
958354461
958511739
958700197
958827685
958985484
959142626
959300254
959458267
959615518
959773424
959931085
960088821
960247085
960405387
960563716
960722020
960879971
961038513
961197613
961354133
961511683
961669518
961827614
961985549
962143619
962301019
962459436
962618025
962775299
962932959
963090629
963248253
963405831
963563340
963721624
963878907
964037683
964194768
964351993
964509852
964667478
964825196
964982827
965140441
965298204
965455999
965613738
965771289
965928958
966086542
966244219
966405542
966581036
966717515
966874655
967032573
967190259
967347924
967505756
967663382
967821328
967979068
968136611
968297775
968452102
968609611
968768269
968926040
969084428
969242883
969413495
969559752
969718035
969897851
970033390
970191161
970349382
970507458
970664842
970822765
970980922
971137982
971295697
971453165
971610848
971768577
971926128
972089197
972241585
972400214
972558249
972716011
972873576
973031207
973189383
973346945
973504505
973662874
973820558
973978702
974136513
974293368
974451319
974609131
974766420
974924604
975082637
975246244
975397406
975555315
975713625
975870836
976028030
976185627
976343452
976501244
976660210
976816540
976975493
977132846
977290616
977448953
977607759
977766738
977922039
978080289
978238097
978395901
978553584
978711237
978868870
979026560
979184457
979366945
979507804
979657215
979815664
979973454
980130662
980288375
980446399
980603775
980754672
980919510
981099348
981236110
981395031
981552509
981710645
981868355
982026127
982184471
982341794
982499775
982700141
982815325
982973867
983131646
983289983
983448683
983606899
983765039
983922741
984080847
984238958
984397115
984554502
984711953
984869922
985027868
985185988
985344307
985502012
985660381
985817236
985975377
986132595
986290705
986448690
986606372
986764287
986921586
987079365
987237226
987394738
987552484
987711206
987869236
988026950
988184154
988341813
988499737
988657877
988816129
988974234
989132009
989289673
989447725
989605299
989763439
989920724
990078302
990236488
990400260
990551060
990716693
990866436
991024240
991181980
991339703
991497907
991656602
991814869
991972786
992149667
992297335
992446961
992603238
992760741
992919004
993076199
993233752
993391691
993550428
993708831
993897295
994025696
994182990
994340579
994498190
994655942
994813349
994971305
995128938
995287537
995444898
995603491
995762541
995920443
996078944
996237417
996395638
996553929
996712184
996870257
997028710
997186119
997343944
997501597
997659218
997817571
997976191
998134816
998293306
998451936
998609117
998766785
998924555
999081911
999240031
999398063
999555990
999713677
999871361
1000030095
1000188074
1000347025
1000504948
1000663067
1000820921
1000978668
1001136473
1001293933
1001451786
1001609475
1001767449
1001924944
1002082596
1002241296
1002398828
1002556196
1002713940
1002871690
1003030163
1003208728
1003346380
1003504640
1003663242
1003821775
1003980201
1004138628
1004296956
1004455402
1004614815
1004772251
1004933424
1005100806
1005246730
1005405517
1005563317
1005721417
1005879123
1006037552
1006195885
1006354827
1006530097
1006699551
1006828890
1006986635
1007144653
1007303276
1007461998
1007620415
1007778854
1007936990
1008129652
1008252533
1008410692
1008569289
1008727712
1008886459
1009044865
1009202489
1009360284
1009519021
1009675524
1009834217
1009991944
1010150043
1010307983
1010465825
1010623531
1010781165
1010938859
1011096546
1011254655
1011413194
1011570957
1011729453
1011887859
1012045986
1012203843
1012361881
1012519843
1012677130
1012834988
1012992419
1013151397
1013309376
1013465710
1013623406
1013781084
1013938660
1014096596
1014254024
1014411625
1014569090
1014726793
1014885322
1015043010
1015201505
1015359800
1015518017
1015676160
1015836406
1016005075
1016174381
1016315083
1016472920
1016630557
1016788772
1016947364
1017105605
1017264114
1017422206
1017580578
1017737938
1017911095
1018054368
1018212168
1018370341
1018527786
1018686076
1018844317
1019002578
1019160790
1019323442
1019500299
1019634578
1019791942
1019949570
1020107319
1020266063
1020423383
1020581325
1020738967
1020915305
1021055209
1021213299
1021371629
1021529746
1021687903
1021845358
1022002935
1022160638
1022319263
1022511095
1022635058
1022792398
1022950200
1023108268
1023265418
1023423295
1023580924
1023738710
1023896181
1024053671
1024211552
1024369084
1024526914
1024686733
1024842536
1025000434
1025158105
1025315943
1025474229
1025632288
1025790290
1025948884
1026105939
1026263715
1026421402
1026579325
1026736706
1026895148
1027052792
1027215060
1027368887
1027526869
1027685003
1027842660
1028000613
1028158595
1028315954
1028473510
1028631157
1028789000
1028946589
1029104059
1029261739
1029419402
1029577087
1029735006
1029892426
1030050012
1030208858
1030366967
1030524874
1030700692
1030841332
1030999821
1031157760
1031316175
1031473790
1031631226
1031789547
1031947616
1032105486
1032302093
1032422023
1032580282
1032737630
1032895952
1033053762
1033211260
1033369010
1033527817
1033701398
1033843215
1034002255
1034161206
1034319815
1034478977
1034637769
1034794844
1034953075
1035111361
1035267917
1035426172
1035584037
1035742761
1035901910
1036060279
1036217248
1036375255
1036533183
1036685726
1036848342
1037005839
1037163542
1037322512
1037480332
1037638715
1037796758
1037954442
1038112231
1038269880
1038427593
1038585200
1038742672
1038900504
1039058221
1039216233
1039373909
1039531504
1039689137
1039846769
1040006063
1040161720
1040319474
1040477131
1040634881
1040792477
1040950314
1041107906
1041266809
1041425604
1041585940
1041741713
1041901026
1042058605
1042216942
1042374441
1042532117
1042689815
1042847441
1043005504
1043163580
1043323226
1043498201
1043638414
1043796874
1043954695
1044112944
1044271138
1044428655
1044587143
1044745890
1044903901
1045062154
1045220168
1045378172
1045535603
1045693135
1045850940
1046008366
1046166879
1046324827
1046482160
1046640371
1046798502
1046956580
1047113905
1047272566
1047429676
1047587648
1047745318
1047903335
1048082562
1048218493
1048376335
1048534263
1048691493
1048849251
1049007364
1049166044
1049324048
1049481924
1049639735
1049797011
1049954564
1050112235
1050269886
1050427569
1050585185
1050743238
1050901302
1051058177
1051226713
1051373487
1051531145
1051689270
1051846581
1052004369
1052161945
1052319683
1052477601
1052635175
1052793264
1052951135
1053108030
1053265747
1053423370
1053581071
1053738669
1053896736
1054054688
1054212025
1054370175
1054528639
1054721466
1054843811
1055002201
1055160265
1055318512
1055476389
1055634540
1055792238
1055950765
1056109476
1056305428
1056425116
1056583326
1056741023
1056899112
1057057914
1057215592
1057373280
1057531595
1057690495
1057848271
1058006161
1058164672
1058322626
1058480025
1058638481
1058795845
1058953454
1059111295
1059268942
1059427714
1059584983
1059743318
1059901602
1060060017
1060217628
1060375929
1060533727
1060692318
1060863064
1061009621
1061166922
1061325287
1061483419
1061640944
1061798933
1061956673
1062114306
1062272518
1062464959
1062589438
1062745441
1062903370
1063061367
1063220022
1063378134
1063536746
1063694617
1063852394
1064012519
1064169662
1064328498
1064486120
1064644411
1064803104
1064961367
1065119659
1065277853
1065436085
1065607148
1065752409
1065934368
1066067795
1066225460
1066382986
1066542624
1066699279
1066856293
1067013982
1067172286
1067330750
1067500078
1067644972
1067802552
1067960200
1068118138
1068276467
1068433633
1068591777
1068749402
1068906623
1069102374
1069222263
1069379958
1069537744
1069695321
1069853416
1070010754
1070168357
1070326340
1070483379
1070641680
1070799980
1070958168
1071116272
1071273865
1071431603
1071589319
1071746983
1071904963
1072064978
1072219882
1072377418
1072545177
1072692919
1072850758
1073008954
1073165955
1073323791
1073481743
1073647492
1073796667
1073954937
1074112503
1074270338
1074428403
1074585600
1074743435
1074913835
1075060419
1075248649
1075376446
1075534629
1075692010
1075850090
1076007604
1076165318
1076323125
1076481675
1076637031
1076806182
1076956413
1077114572
1077273110
1077431065
1077589528
1077748232
1077906377
1078064689
1078222818
1078380238
1078537908
1078698374
1078854122
1079012018
1079170147
1079327860
1079485689
1079643569
1079801703
1079959240
1080116628
1080305868
1080432028
1080589871
1080756123
1080905926
1081064534
1081222577
1081381038
1081539026
1081696541
1081854498
1082012082
1082169275
1082329277
1082485544
1082643574
1082801605
1082961402
1083118728
1083276499
1083434271
1083592127
1083749902
1083907598
1084065303
1084223202
1084381224
1084539646
1084698780
1084856528
1085015044
1085172851
1085330594
1085488221
1085646513
1085804645
1085963293
1086121409
1086279661
1086437580
1086595868
1086754015
1086911741
1087068996
1087227346
1087385245
1087542898
1087700665
1087858176
1088043598
1088174218
1088332414
1088490984
1088649019
1088807321
1088965053
1089123011
1089280302
1089438207
1089597331
1089753655
1089911196
1090069442
1090228281
1090386080
1090544165
1090702537
1090859676
1091018643
1091175246
1091332878
1091500988
1091648557
1091806206
1091964708
1092121931
1092279981
1092437498
1092595351
1092752850
1092910641
1093099278
1093226190
1093384076
1093541313
1093699545
1093858291
1094016157
1094174569
1094333147
1094490750
1094649267
1094807262
1094965112
1095122642
1095281063
1095439550
1095598488
1095755927
1095914149
1096072516
1096229893
1096388442
1096546294
1096704637
1096862862
1097021383
1097180075
1097337285
1097495131
1097652271
1097810206
1097967906
1098126518
1098283835
1098440853
1098598750
1098757775
1098917761
1099073275
1099230960
1099388420
1099546761
1099704902
1099862650
1100020650
1100179047
1100337205
1100494778
1100655904
1100817341
1100967933
1101129409
1101283367
1101440965
1101599054
1101756362
1101914708
1102084392
1102243168
1102415249
1102560224
1102720757
1102876135
1103033857
1103191738
1103349121
1103506824
1103665185
1103822772
1104010649
1104138029
1104306810
1104454957
1104613677
1104771831
1104929735
1105087963
1105087963
1105401145
1105560748
1105718329
1106084403
1106084403
1106191104
1106349954
1106507779
1106698618
1106856375
1107015000
1107209194
1107330148
1107500699
1107645418
1107803169
1107960707
1108118979
1108277294
1108434537
1108593038
1108751305
1108909781
1109100615
1109226398
1109385067
1109542578
1109700149
1109857860
1110016037
1110174079
1110331917
1110489928
1110647464
1110806329
1110967690
1111122261
1111280116
1111437735
1111595518
1111753109
1111910812
1112078309
1112226606
1112387381
1112542531
1112700741
1112859009
1113017543
1113175886
1113334645
1113493606
1113651624
1113811137
1113969337
1114127833
1114285515
1114444591
1114602477
1114761119
1114919141
1115077749
1115236246
1115394606
1115575753
1115734646
1115891949
1116049588
1116207555
1116365984
1116523734
1116681013
1116838491
1116996482
1117153979
1117312058
1117469587
1117627477
1117786062
1117944288
1118102066
1118260173
1118417502
1118575271
1118733333
1118891840
1119050428
1119208301
1119366557
1119524280
1119682240
1119840809
1119997817
1120155425
1120313096
1120471436
1120628853
1120786547
1120944086
1121106455
1121259559
1121417694
1121605499
1121733217
1121901083
1122050565
1122205707
1122363563
1122521358
1122679131
1122836676
1122994670
1123205987
1123309910
1123501061
1123626134
1123783831
1123941492
1124099932
1124258217
1124416519
1124575838
1124733090
1124891098
1125049023
1125206589
1125364063
1125604308
1125604308
1125838197
1125996970
1126153810
1126392309
1126469572
1126627853
1126785790
1126943853
1127101873
1127260077
1127417444
1127575150
1127732857
1127891030
1128048145
1128206191
1128364188
1128522149
1128680364
1128840122
1128997466
1129155896
1129314317
1129472784
1129631660
1129789612
1129950776
1130106184
1130265185
1130422203
1130580627
1130738613
1130896919
1131055026
1131213212
1131371573
1131529888
1131687818
1131845683
1132004148
1132162260
1132320213
1132478665
1132637143
1132812180
1132969694
1133127348
1133285915
1133444333
1133602815
1133761316
1133919608
1134078175
1134236388
1134494788
1134494788
1134713358
1134881378
1135027921
1135186175
1135344663
1135502805
1135661100
1135819898
1135978104
1136136864
1136300942
1136458182
1136616594
1136775162
1136933694
1137091759
1137250224
1137409184
1137571865
1137725235
1137898248
1138044509
1138202323
1138358577
1138517672
1138684193
1138836962
1138995927
1139166677
1139311962
1139499789
1139627309
1139785519
1139943120
1140110553
1140260009
1140417564
1140576105
1140768502
1140893929
1141052250
1141210656
1141369256
1141527352
1141685918
1141844276
1142002833
1142155628
1142323824
1142481546
1142640068
1142798107
1142956583
1143114767
1143272742
1143431219
1143589839
1143748288
1143907707
1144066375
1144225000
1144382414
1144541050
1144705689
1144858038
1145016435
1145174496
1145337549
1145491091
1145649028
1145807916
1145965219
1146132116
1146282967
1146440927
1146599644
1146757958
1146916124
1147158078
1147288206
1147447830
1147631490
1147772848
1147931552
1148090559
1148248006
1148405573
1148564501
1148764293
1148881132
1149039068
1149197516
1149355996
1149514068
1149672425
1149830571
1150001846
1150146100
1150306252
1150464076
1150622525
1150783374
1150941827
1151099745
1151258271
1151417190
1151575982
1151733942
1151893082
1152050621
1152208401
1152366125
1152523933
1152681418
1152839181
1152997108
1153155247
1153312788
1153470199
1153627538
1153785668
1153942938
1154106036
1154258224
1154424799
1154573621
1154731372
1154888689
1155046566
1155210333
1155361602
1155520119
1155677581
1155835234
1155993200
1156151118
1156309148
1156466702
1156624636
1156782038
1156940574
1157094216
1157256602
1157414521
1157572370
1157729810
1157888347
1158046041
1158203988
1158361545
1158519588
1158700915
1158840259
1159012784
1159153652
1159308977
1159467051
1159624128
1159782106
1159942475
1160098004
1160255234
1160412654
1160570505
1160727987
1160885934
1161047581
1161205212
1161359745
1161542226
1161674914
1161832770
1161990215
1162148275
1162306318
1162463940
1162622523
1162780553
1162938174
1163095097
1163253002
1163410579
1163568288
1163726606
1163884029
1164041475
1164199897
1164357041
1164514672
1164673031
1164831064
1164992256
1165146630
1165305729
1165463432
1165621740
1165779350
1165937025
1166094712
1166252672
1166410520
1166568430
1166725997
1166884351
1167041497
1167199694
1167357429
1167514717
1167672307
1167830227
1167987923
1168146100
1168311287
1168462416
1168620211
1168777892
1168935842
1169093436
1169250932
1169408918
1169566326
1169723807
1169900297
1170039644
1170197473
1170355685
1170512908
1170670919
1170828552
1170986361
1171144215
1171301757
1171498460
1171617205
1171775192
1171933471
1172090921
1172248689
1172406811
1172564904
1172725345
1172880413
1173037860
1173195674
1173353502
1173511538
1173669073
1173826901
1173984336
1174142521
1174326914
1174457520
1174615268
1174772780
1174930969
1175088089
1175245842
1175403499
1175561801
1175714316
1175876387
1176044900
1176191961
1176351123
1176507253
1176665125
1176827719
1176980515
1177139009
1177295389
1177453602
1177610921
1177768706
1177926206
1178084177
1178241970
1178399629
1178557684
1178714942
1178872487
1179030445
1179187840
1179345496
1179496299
1179660717
1179818823
1179976262
1180134331
1180292091
1180450006
1180608334
1180765782
1180923284
1181116010
1181246383
1181396883
1181554615
1181712199
1181870149
1182027747
1182185359
1182342921
1182500969
1182661986
1182821640
1182978744
1183136430
1183294043
1183451811
1183609497
1183767390
1183924830
1184082550
1184240281
1184398143
1184556242
1184714047
1184871468
1185029383
1185187028
1185345345
1185511567
1185660365
1185818134
1185976018
1186133427
1186290974
1186448626
1186606573
1186764589
1186923210
1187110698
1187240568
1187396774
1187554354
1187711535
1187869755
1188029371
1188188082
1188345643
1188498553
1188661050
1188818543
1188976265
1189137360
1189291601
1189449406
1189607144
1189765247
1189922469
1190079987
1190237755
1190395281
1190552874
1190710713
1190868158
1191026163
1191183802
1191341389
1191499102
1191656821
1191814873
1191971991
1192129622
1192298806
1192445576
1192604288
1192761982
1192918648
1193076317
1193234438
1193392421
1193550209
1193713292
1193896377
1194029288
1194186656
1194344321
1194502553
1194661502
1194819195
1194978015
1195136207
1195294256
1195452101
1195609623
1195767243
1195925227
1196083634
1196242520
1196400859
1196560429
1196718166
1196875569
1197033423
1197190712
1197349228
1197518755
1197677095
1197835894
1198001543
1198152966
1198310786
1198461345
1198627197
1198785936
1198943545
1199101847
1199260281
1199417865
1199576662
1199735241
1199893071
1200051384
1200208817
1200366124
1200524106
1200682036
1200888039
1201047566
1201207386
1201365379
1201522418
1201687008
1201837802
1201995285
1202153705
1202312047
1202470227
1202629000
1202787186
1202945104
1203102416
1203261616
1203419185
1203577466
1203735547
1203894069
1204052565
1204211192
1204369662
1204528277
1204687637
1204844361
1205002101
1205159548
1205317744
1205479489
1205638858
1205796227
1205954979
1206113272
1206284342
1206429719
1206588063
1206747827
1206906099
1207061199
1207219315
1207376591
1207534284
1207692048
1207882301
1208017712
1208165594
1208324610
1208481982
1208638603
1208796673
1208953859
1209111607
1209270252
1209427656
1209584621
1209742174
1209930836
1210057612
1210215309
1210372718
1210530511
1210688611
1210846402
1211004113
1211161580
1211319505
1211502650
1211639384
1211793056
1211955506
1212114179
1212271570
1212429078
1212587579
1212751034
1212902692
1213100051
1213218008
1213376235
1213533574
1213691785
1213849338
1214007048
1214165091
1214322512
1214479744
1214638037
1214795268
1214952977
1215110880
1215268484
1215426473
1215584243
1215742555
1215899786
1216057416
1216215577
1216372694
1216530921
1216688549
1216846172
1217004101
1217161957
1217320081
1217477311
1217635811
1217792618
1217953180
1218108585
1218266315
1218423994
1218581681
1218739348
1218897601
1219072209
1219213788
1219376807
1219530097
1219688648
1219846022
1220004661
1220162097
1220320517
1220478244
1220667860
1220793546
1220951734
1221108978
1221266750
1221424416
1221582108
1221739720
1221897793
1222055924
1222212880
1222370618
1222528202
1222700918
1222844223
1223002639
1223160721
1223318894
1223481308
1223637649
1223795684
1223954314
1224113554
1224271239
1224428475
1224586086
1224743769
1224903841
1225059705
1225216705
1225374876
1225532248
1225689943
1225847676
1226005233
1226162944
1226320597
1226478206
1226636421
1226802017
1226951837
1227108816
1227266962
1227425253
1227583248
1227741006
1227899782
1228056090
1228214199
1228371578
1228529355
1228686649
1228844445
1229002026
1229159622
1229317291
1229474927
1229632943
1229791337
1229948670
1230106294
1230264179
1230421360
1230578964
1230736631
1230894546
1231052164
1231209863
1231367824
1231525258
1231683140
1231853462
1231999073
1232156975
1232314767
1232472732
1232630309
1232787985
1232945704
1233103406
1233261323
1233451854
1233576755
1233734426
1233892157
1234049885
1234212731
1234372921
1234524228
1234681701
1234840124
1234997025
1235154657
1235312073
1235500086
1235627865
1235785394
1235942985
1236100879
1236259348
1236421467
1236574070
1236731546
1236889220
1237046951
1237204536
1237362300
1237520225
1237677952
1237835537
1238001281
1238151681
1238312811
1238465966
1238624273
1238781340
1238938764
1239096705
1239254903
1239412603
1239570800
1239728889
1239887874
1240044049
1240201700
1240359672
1240517848
1240676292
1240833379
1240990966
1241148667
1241306701
1241463884
1241621584
1241779283
1241938375
1242094598
1242252523
1242410155
1242567900
1242725553
1242883250
1243040654
1243209610
1243356400
1243514265
1243671931
1243829866
1243987432
1244144804
1244302902
1244460652
1244636209
1244775751
1244933857
1245109593
1245255059
1245406798
1245566273
1245722161
1245880248
1246038997
1246236382
1246356465
1246513989
1246701376
1246829484
1246987411
1247144487
1247302325
1247460306
1247617951
1247775658
1247933227
1248091463
1248249095
1248407228
1248565394
1248723044
1248880231
1249038231
1249201047
1249353828
1249511579
1249669829
1249826952
1249984515
1250142470
1250299613
1250457262
1250615494
1250772795
1250930602
1251092546
1251246025
1251403936
1251561369
1251719450
1251881074
1252035032
1252193230
1252351716
1252509768
1252667601
1252825057
1252982538
1253141363
1253298005
1253456099
1253613409
1253770940
1253929301
1254086763
1254244085
1254402051
1254559212
1254717281
1254874823
1255032250
1255189936
1255347812
1255505473
1255664045
1255822334
1255979630
1256137240
1256299051
1256453338
1256610897
1256768300
1256926576
1257083818
1257241778
1257421371
1257556605
1257714196
1257899694
1258029361
1258187020
1258344380
1258501911
1258659749
1258811604
1258974906
1259132581
1259290163
1259448272
1259605302
1259762892
1259920298
1260078181
1260235948
1260403946
1260551334
1260708859
1260866523
1261024500
1261181651
1261339434
1261497198
1261654753
1261812819
1261970085
1262127909
1262285302
1262442837
1262612918
1262758927
1262916987
1263074337
1263231853
1263390041
1263547305
1263705535
1263863365
1264021460
1264179295
1264340850
1264494580
1264652255
1264810078
1264967759
1265125418
1265283166
1265440662
1265620813
1265755952
1265913432
1266071684
1266228924
1266386586
1266544189
1266702037
1266859971
1267017234
1267175436
1267332558
1267501572
1267647937
1267805842
1267963113
1268120683
1268278418
1268436396
1268607837
1268751452
1268909006
1269066635
1269224312
1269381999
1269539584
1269697631
1269855361
1270012665
1270208439
1270328154
1270485375
1270643206
1270800846
1270958536
1271124771
1271278527
1271433812
1271596095
1271748978
1271907200
1272064752
1272222388
1272379634
1272539148
1272697168
1272854239
1273012097
1273169824
1273327287
1273485341
1273642704
1273800663
1273958070
1274115923
1274273582
1274431415
1274589338
1274746953
1274904456
1275062305
1275219723
1275377361
1275535162
1275692630
1275850145
1276008031
1276165909
1276323642
1276481088
1276642438
1276809986
1276953907
1277111449
1277269490
1277426853
1277585008
1277742483
1277900041
1278057848
1278215330
1278380497
1278531520
1278699561
1278851385
1279004836
1279162808
1279320616
1279478978
1279636887
1279794552
1279952048
1280109639
1280299495
1280425142
1280583136
1280740983
1280898640
1281056288
1281214160
1281396455
1281529226
1281686683
1281850047
1282002143
1282159502
1282317306
1282475401
1282632864
1282801988
1282948460
1283106024
1283263465
1283421794
1283581068
1283737444
1283894721
1284052616
1284210709
1284368499
1284526031
1284683786
1284841628
1284999520
1285157051
1285314915
1285473177
1285630469
1285787976
1285945691
1286103479
1286261177
1286419908
1286576553
1286734486
1286893030
1287052380
1287208413
1287366161
1287524024
1287681542
1287839344
1288017434
1288155340
1288331840
1288469761
1288627537
1288784951
1288942822
1289100758
1289258175
1289415693
1289573713
1289731206
1289902633
1290049638
1290204482
1290362073
1290519737
1290677709
1290835125
1290992654
1291150440
1291307994
1291499693
1291623330
1291781332
1291938765
1292096695
1292254684
1292412268
1292579221
1292727324
1292885148
1293042795
1293200366
1293358799
1293516055
1293673609
1293831806
1293989386
1294176705
1294304697
1294462421
1294620195
1294777741
1294935834
1295093418
1295252697
1295410301
1295567018
1295726536
1295884516
1296041805
1296200059
1296357271
1296515174
1296672799
1296830390
1296989038
1297146370
1297304022
1297461640
1297619333
1297777222
1297934801
1298092990
1298250659
1298408380
1298566297
1298723723
1298910102
1299068065
1299225696
1299383920
1299543504
1299698997
1299856702
1300014727
1300172062
1300329767
1300487489
1300645090
1300813531
1300961099
1301118232
1301276195
1301433719
1301592147
1301749966
1301907648
1302065295
1302223064
1302380786
1302538403
1302701809
1302854620
1303011543
1303169398
1303327022
1303484894
1303642350
1303799705
1303957857
1304143592
1304295099
1304460154
1304618255
1304775923
1304933509
1305091739
1305248964
1305406551
1305564196
1305721980
1305908812
1306037324
1306195055
1306352660
1306510539
1306668003
1306826056
1306983235
1307140953
1307298592
1307456283
1307613868
1307771736
1307929292
1308087034
1308244772
1308404469
1308559953
1308717666
1308885122
1309032993
1309190502
1309348557
1309506617
1309664349
1309822819
1309982538
1310156003
1310303457
1310455855
1310613459
1310770967
1310928765
1311086423
1311244107
1311401750
1311559526
1311754040
1311874933
1312049828
1312190648
1312348674
1312506822
1312664318
1312822519
1312979965
1313137564
1313295227
1313452980
1313610757
1313768673
1313926162
1314084509
1314241919
1314399559
1314557121
1314715881
1314872696
1315030345
1315188553
1315345989
1315513642
1315661568
1315819019
1315976739
1316134855
1316291988
1316449642
1316607273
1316765012
1316922980
1317098835
1317238219
1317395899
1317553528
1317711418
1317869787
1318027425
1318185642
1318343790
1318501068
1318703897
1318816964
1318974737
1319132756
1319289878
1319448455
1319616047
1319763441
1319921235
1320079071
1320236778
1320394694
1320552331
1320724064
1320868334
1321026534
1321184477
1321343202
1321500735
1321658217
1321820171
1321974454
1322132766
1322290719
1322448780
1322607023
1322764956
1322941809
1323081495
1323238453
1323396603
1323554635
1323711769
1323869617
1324027432
1324185404
1324343192
1324500514
1324658770
1324816587
1324974970
1325132288
1325289977
1325447622
1325605279
1325763271
1325921018
1326078631
1326236283
1326396653
1326554053
1326711794
1326869511
1327027148
1327184916
1327343330
1327501096
1327658561
1327817216
1327974904
1328132755
1328301441
1328448278
1328605825
1328763443
1328921390
1329079450
1329237243
1329395209
1329553594
1329711447
1329902666
1330026615
1330184276
1330342259
1330506833
1330658319
1330815866
1330973350
1331131501
1331289434
1331447597
1331604899
1331763007
1331920525
1332078732
1332237117
1332402729
1332552257
1332710642
1332868067
1333025781
1333183612
1333341349
1333499274
1333657367
1333815299
1333974072
1334130629
1334292358
1334447748
1334605089
1334767648
1334920115
1335078166
1335235981
1335394548
1335552295
1335724040
1335868414
1336026644
1336185110
1336343275
1336501671
1336659957
1336819114
1336980276
1337135789
1337323115
1337451845
1337610175
1337768682
1337926945
1338085354
1338243774
1338401312
1338559752
1338713393
1338876508
1339034996
1339195469
1339350891
1339509357
1339667224
1339825295
1339983152
1340140697
1340299225
1340456319
1340614359
1340771808
1340929464
1341102145
1341244630
1341402416
1341560091
1341717726
1341876269
1342036244
1342192075
1342349736
1342507246
1342701059
1342823931
1342981242
1343138822
1343296585
1343455075
1343612849
1343770986
1343928375
1344085948
1344243746
1344406434
1344559216
1344716396
1344874422
1345032369
1345190222
1345347846
1345505552
1345663165
1345820604
1345979114
1346136313
1346294535
1346451617
1346609550
1346767527
1346925009
1347082672
1347240137
1347397948
1347556252
1347713295
1347870972
1348028616
1348186299
1348344128
1348508914
1348660515
1348818142
1348975627
1349139006
1349291400
1349449060
1349606717
1349764398
1349922088
1350106999
1350237337
1350394954
1350552780
1350710199
1350867981
1351025615
1351184264
1351342020
1351498006
1351657870
1351815725
1351973541
1352131062
1352302227
1352449222
1352604051
1352761486
1352919616
1353077329
1353235165
1353392487
1353550221
1353707775
1353865499
1354022985
1354180665
1354339401
1354495772
1354653535
1354811574
1354969002
1355126780
1355284423
1355442054
1355599604
1355757230
1355914775
1356072683
1356230281
1356388371
1356545444
1356703298
1356860813
1357018557
1357175986
1357333811
1357491490
1357649630
1357807736
1357965907
1358122932
1358280784
1358438228
1358596359
1358756690
1358911734
1359070075
1359228049
1359386356
1359544562
1359702472
1359860290
1360018342
1360176077
1360334206
1360492372
1360650192
1360807799
1360965784
1361136473
1361295462
1361452760
1361611951
1361768690
1361927084
1362087317
1362245780
1362403960
1362561917
1362719818
1362893526
1363035166
1363210742
1363351060
1363544162
1363666635
1363824628
1363981662
1364139871
1364297566
1364492127
1364625311
1364783473
1364942015
1365101402
1365257945
1365444830
1365604045
1365768717
1365925409
1366089615
1366237613
1366402617
1366552954
1366710849
1366869344
1367027796
1367185854
1367343319
1367502255
1367684180
1367817869
1367976497
1368135373
1368299821
1368452202
1368609041
1368766921
1368924390
1369075885
1369240250
1369398656
1369556582
1369725220
1369901639
1370029396
1370187201
1370345613
1370503207
1370661424
1370821804
1370976957
1371134854
1371292443
1371450967
1371609034
1371767292
1371926508
1372086849
1372245827
1372405295
1372562658
1372720342
1372878093
1373035500
1373192525
1373350521
1373508139
1373665838
1373823640
1374034820
1374138630
1374296871
1374454564
1374612191
1374770712
1374928744
1375086642
1375243926
1375401816
1375559581
1375716820
1375874756
1376032385
1376190309
1376350008
1376505577
1376664861
1376821691
1376980426
1377137732
1377295992
1377453597
1377611478
1377770220
1377927107
1378085389
1378243389
1378401597
1378560125
1378718969
1378877334
1379035390
1379197990
1379351686
1379508430
1379666387
1379824443
1379982455
1380139736
1380297610
1380468992
1380613009
1380770695
1380928361
1381100900
1381251798
1381401490
1381562825
1381717275
1381874698
1382066428
1382189853
1382347518
1382505817
1382701818
1382821770
1382979184
1383136625
1383294497
1383453026
1383610814
1383768766
1383926633
1384084218
1384242718
1384399636
1384557059
1384714349
1384872069
1385029815
1385187287
1385344998
1385502673
1385660260
1385817924
1385975535
1386133023
1386290474
1386448645
1386606074
1386763828
1386921658
1387079352
1387236738
1387394592
1387552479
1387709899
1387867542
1388025178
1388182847
1388340579
1388497802
1388655698
1388813065
1388970897
1389128988
1389286167
1389444167
1389601446
1389759383
1389917291
1390074563
1390232477
1390390726
1390549125
1390708109
1390864138
1391022078
1391179633
1391337344
1391495186
1391658028
1391810460
1391968069
1392125683
1392299850
1392441538
1392598686
1392756174
1392913982
1393072054
1393256684
1393386921
1393544465
1393701990
1393900568
1394018136
1394175001
1394332570
1394490333
1394644454
1394805718
1394963567
1395121523
1395278756
1395437098
1395599025
1395753312
1395910463
1396069099
1396226529
1396384444
1396541939
1396699937
1396857318
1397015164
1397172389
1397332656
1397487604
1397645600
1397803207
1397960970
1398118972
1398276933
1398434665
1398592426
1398750004
1398908759
1399065160
1399223350
1399380998
1399538840
1399696482
1399853928
1400011663
1400169213
1400326865
1400484582
1400642036
1400800225
1400957729
1401115592
1401272934
1401430793
1401588676
1401745974
1401921461
1402061360
1402219430
1402377582
1402536190
1402693988
1402851451
1403009572
1403167120
1403324503
1403500916
1403639698
1403797452
1403955004
1404112483
1404270437
1404452820
1404585499
1404743402
1404900789
1405058052
1405216065
1405373670
1405531830
1405689718
1405847667
1406042257
1406163777
1406322055
1406479088
1406636562
1406794202
1406952140
1407109628
1407267277
1407426084
1407582844
1407740368
1407898281
1408055508
1408213412
1408370819
1408529148
1408686263
1408843815
1409001403
1409158862
1409316880
1409474960
1409632174
1409790018
1409955456
1410105294
1410263421
1410420700
1410578327
1410736328
1410893448
1411052049
1411212533
1411367224
1411524802
1411682538
1411839850
1411997873
1412155505
1412313345
1412471462
1412628726
1412786065
1412943737
1413098566
1413262465
1413416698
1413574054
1413732118
1413890816
1414048156
1414206009
1414363666
1414521219
1414701515
1414836536
1414994506
1415151561
1415309455
1415467609
1415627084
1415782684
1415940399
1416097813
1416255457
1416413312
1416571714
1416728839
1416886722
1417044643
1417224203
1417359922
1417517490
1417675172
1417832876
1417990451
1418148197
1418311478
1418463418
1418614830
1418779993
1418938215
1419096436
1419254782
1419413196
1419574723
1419730036
1419887779
1420046164
1420231188
1420419326
1420547346
1420705420
1420863674
1421027462
1421185881
1421344345
1421501663
1421659868
1421810925
1421976203
1422134604
1422292588
1422451217
1422609494
1422767588
1423009905
1423222936
1423382366
1423542078
1423700278
1423858798
1424017123
1424176711
1424334424
1424492370
1424649565
1424807637
1424965807
1425124599
1425282162
1425440382
1425607268
1425755877
1425913355
1426071625
1426229662
1426388633
1426546630
1426705232
1426862535
1427020102
1427178243
1427335176
1427502534
1427652024
1427810868
1427970378
1428130280
1428287815
1428445761
1428604576
1428763127
1428921396
1429101995
1429237654
1429395708
1429554272
1429712698
1429870323
1430027887
1430185471
1430343749
1430501960
1430701917
1430819297
1430977672
1431136114
1431294447
1431452362
1431609787
1431767465
1431925289
1432083058
1432240442
1432398102
1432555780
1432713248
1432870956
1433028843
1433205255
1433343904
1433501464
1433659057
1433816768
1433974612
1434131974
1434289648
1434447506
1434605117
1434762561
1434920055
1435078214
1435235293
1435393104
1435556395
1435708592
1435866034
1436024225
1436181613
1436339190
1436496822
1436654862
1436814130
1436969962
1437127508
1437285917
1437443343
1437601928
1437759540
1437917194
1438074572
1438232302
1438389977
1438547611
1438705508
1438862821
1439020837
1439178377
1439336012
1439493895
1439651258
1439809520
1439966708
1440124065
1440301028
1440439610
1440597660
1440755161
1440912782
1441070773
1441228209
1441386187
1441543827
1441702118
1441859924
1442017426
1442175077
1442332918
1442490262
1442648125
1442810590
1442963481
1443120682
1443278229
1443435984
1443593453
1443762419
1443908639
1444066186
1444224170
1444393047
1444542784
1444697883
1444854515
1445011937
1445170194
1445328595
1445486152
1445643616
1445801581
1445988908
1446116700
1446274360
1446431777
1446589625
1446747006
1446904924
1447062240
1447220055
1447378815
1447535412
1447693091
1447850668
1448008368
1448165918
1448323827
1448481429
1448638968
1448796413
1448954058
1449111713
1449269413
1449427244
1449584850
1449742393
1449903061
1450057662
1450215365
1450373086
1450530620
1450688467
1450846049
1451003770
1451161355
1451318917
1451476353
1451634638
1451792103
1451949474
1452107261
1452265220
1452422974
1452580706
1452738401
1452897542
1453055846
1453213447
1453371225
1453528640
1453686365
1453844378
1454002706
1454159767
1454317532
1454475047
1454632747
1454790421
1454948194
1455105447
1455263280
1455421194
1455579235
1455736242
1455894007
1456051588
1456209300
1456366844
1456524449
1456682167
1456839597
1456997662
1457177558
1457313051
1457470372
1457627749
1457785988
1457943247
1458100732
1458258331
1458416234
1458574133
1458731963
1458889073
1459046936
1459204268
1459362180
1459520301
1459677202
1459835513
1459992726
1460150222
1460312787
1460465709
1460623458
1460781724
1460939772
1461101666
1461256633
1461414568
1461572483
1461729850
1461887726
1462045035
1462202794
1462360395
1462518468
1462705422
1462833348
1462991692
1463149673
1463308348
1463467291
1463624496
1463782275
1463939927
1464097617
1464255258
1464412785
1464570458
1464727822
1464885797
1465043699
1465205909
1465360203
1465518504
1465676713
1465834436
1465991871
1466149722
1466307036
1466464889
1466623074
1466780136
1466937975
1467095544
1467253534
1467411898
1467570040
1467728635
1467886642
1468044651
1468203018
1468364036
1468518862
1468677333
1468835324
1468993050
1469150513
1469308372
1469466525
1469624853
1469783445
1469962131
1470099980
1470257712
1470415143
1470572801
1470730511
1470889558
1471045939
1471203418
1471361273
1471518909
1471677035
1471834850
1471992952
1472150083
1472307591
1472465414
1472623106
1472780706
1472938577
1473096291
1473253860
1473412414
1473570741
1473728787
1473908190
1474045702
1474203864
1474361514
1474519239
1474676892
1474834449
1474992249
1475151002
1475307543
1475501375
1475624489
1475783097
1475941365
1476104530
1476258328
1476416261
1476574577
1476732552
1476889869
1477047493
1477205449
1477363116
1477520523
1477680530
1477836877
1478020262
1478179100
1478337457
1478495099
1478652702
1478810544
1478968269
1479125658
1479283604
1479441551
1479604040
1479756945
1479914323
1480074771
1480229319
1480387048
1480545198
1480702523
1480860559
1481018321
1481175697
1481333683
1481491371
1481648681
1481806422
1481963860
1482131182
1482131182
1482437078
1482595402
1482753122
1482911487
1483069407
1483226929
1483384963
1483542528
1483700472
1483857888
1484016197
1484177541
1484343460
1484493345
1484651025
1484813655
1484966267
1485124327
1485282014
1485439646
1485597057
1485755163
1485939568
1486070347
1486228306
1486385747
1486542987
1486702285
1486858527
1487016247
1487173892
1487173892
1487552223
1487650345
1487808518
1487966234
1488123668
1488301291
1488439064
1488596765
1488754693
1488919249
1489078215
1489235795
1489393750
1489551718
1489709935
1489901428
1490026896
1490185481
1490342798
1490511727
1490661155
1490818322
1490976558
1491134432
1491291583
1491449078
1491606955
1491768601
1491924146
1492097254
1492255621
1492413473
1492572570
1492732065
1492890466
1493048739
1493206601
1493364989
1493523221
1493681710
1493840317
1494005381
1494155131
1494313240
1494471871
1494629994
1494788940
1494946588
1495106753
1495262384
1495420252
1495577160
1495735656
1495893603
1496051679
1496209487
1496368152
1496548905
1496709020
1496866559
1497030226
1497206522
1497349501
1497507715
1497666024
1497824152
1497981981
1498140202
1498297773
1498456113
1498613635
1498771376
1498929984
1499088291
1499300381
1499458529
1499623741
1499775515
1499933753
1500092352
1500250337
1500408132
1500566330
1500723326
1500881316
1501038689
1501196681
1501354211
1501511663
1501669909
1501827727
1501984709
1502142934
1502300557
1502458288
1502615497
1502773030
1502930718
1503088390
1503245989
1503403943
1503561234
1503719026
1503876706
1504034462
1504192202
1504349862
1504507486
1504665223
1504823016
1504980637
1505137977
1505296340
1505453766
1505604446
1505769007
1505926632
1506084331
1506241945
1506399514
1506558305
1506714616
1506872350
1507030011
1507188085
1507345007
1507496481
1507662878
1507819794
1507978409
1508135977
1508315138
1508451038
1508608625
1508766357
1508923944
1509101685
1509239112
1509397085
1509554422
1509712173
1509869813
1510027843
1510188147
1510342599
1510500080
1510657985
1510815503
1510973474
1511130850
1511288487
1511447149
1511607414
1511762900
1511920607
1512078549
1512235998
1512393576
1512551315
1512708968
1512866416
1513024470
1513181851
1513339719
1513497374
1513654906
1513813082
1513970251
1514128240
1514285621
1514443288
1514600972
1514759211
1514916679
1515074719
1515232570
1515391238
1515548620
1515706814
1515864426
1516022116
1516180116
1516358626
1516495323
1516653168
1516810615
1516968232
1517125997
1517284089
1517441515
1517599231
1517757058
1517914626
1518072506
1518229942
1518388093
1518544994
1518696550
1518860875
1519018281
1519176362
1519334671
1519501218
1519649484
1519807233
1519964860
1520122408
1520311662
1520438894
1520595915
1520752847
1520910907
1521097841
1521226825
1521384228
1521541756
1521699378
1521857430
1522015775
1522173964
1522333357
1522486745
1522648958
1522799780
1522964584
1523122843
1523283185
1523441210
1523598529
1523756446
1523913735
1524072165
1524230064
1524387491
1524545466
1524703589
1524861178
1525019201
1525176461
1525334371
1525491982
1525649511
1525807441
1525965168
1526123056
1526280467
1526437984
1526596217
1526758350
1526911382
1527069363
1527226883
1527384940
1527542103
1527699647
1527857695
1528015510
1528173433
1528330894
1528488525
1528646337
1528804112
1528962190
1529120144
1529277871
1529435672
1529593778
1529751128
1529908653
1530066603
1530225063
1530383368
1530541796
1530699360
1530856928
1531014792
1531173497
1531331423
1531502260
1531647822
1531807908
1531962455
1532120206
1532281218
1532435526
1532593224
1532750859
1532908542
1533101281
1533223857
1533381588
1533539458
1533697612
1533879294
1534020019
1534172019
1534330551
1534488826
1534646611
1534808299
1534961963
1535119685
1535270887
1535435337
1535605906
1535750950
1535908586
1536066128
1536223821
1536381337
1536539089
1536696974
1536854330
1537012636
1537170642
1537328261
1537486352
1537643554
1537801235
1537960690
1538116615
1538274642
1538432275
1538589370
1538753502
1538910369
1539072738
1539226118
1539384400
1539542003
1539699694
1539857547
1540015789
1540173679
1540331092
1540488730
1540646775
1540819473
1540961852
1541119311
1541277199
1541434632
1541592486
1541750297
1541907796
1542065482
1542223519
1542380900
1542538266
1542701273
1542853690
1543011491
1543169180
1543327024
1543484331
1543642610
1543799339
1543956788
1544114397
1544302157
1544429759
1544587511
1544745187
1544902995
1545065780
1545228299
1545376393
1545533550
1545690946
1545848894
1546006370
1546164736
1546323391
1546480191
1546663197
1546804230
1546953828
1547111124
1547268713
1547426523
1547584669
1547742478
1547900267
1548055894
1548215919
1548373519
1548531439
1548689464
1548847528
1549005638
1549164090
1549322137
1549479579
1549637208
1549794854
1549952488
1550110345
1550267788
1550425218
1550582928
1550740391
1550898109
1551055703
1551213285
1551371109
1551528485
1551686420
1551843751
1552002067
1552159830
1552317628
1552477264
1552633241
1552791180
1552948868
1553106105
1553263966
1553421529
1553580172
1553736818
1553900848
1554053649
1554209805
1554368269
1554526693
1554684361
1554846816
1555001045
1555158618
1555316890
1555503458
1555632846
1555790630
1555948282
1556106205
1556263909
1556421198
1556579128
1556736794
1556894291
1557052159
1557209723
1557367840
1557525122
1557682990
1557853937
1557998272
1558155938
1558313606
1558471202
1558628908
1558786585
1558944195
1559101762
1559260127
1559448200
1559575117
1559733220
1559890421
1560048031
1560205690
1560363187
1560521032
1560684560
1560837855
1560994835
1561152289
1561309955
1561467588
1561625322
1561783487
1561940981
1562098807
1562256807
1562414166
1562572367
1562730888
1562888234
1563045968
1563204555
1563362436
1563520475
1563677978
1563835665
1563993687
1564151829
1564308972
1564466740
1564624464
1564782664
1564939881
1565121638
1565255551
1565413338
1565570863
1565728640
1565886157
1566043930
1566201531
1566359219
1566517224
1566703136
1566832561
1566990707
1567147917
1567305845
1567463280
1567621347
1567779936
1567938218
1568096442
1568254187
1568411816
1568569548
1568726882
1568885214
1569042351
1569200073
1569358343
1569515368
1569672808
1569830378
1569988121
1570146322
1570303844
1570461672
1570637479
1570777326
1570934643
1571092755
1571250624
1571408547
1571566002
1571723874
1571882879
1572039579
1572232894
1572355735
1572542151
1572671410
1572828867
1572986609
1573144234
1573302057
1573459706
1573617348
1573774887
1573932570
1574090145
1574247975
1574406316
1574564503
1574722274
1574879937
1575037886
1575195312
1575353085
1575510947
1575668338
1575826319
1575983868
1576141510
1576326245
1576457113
1576614847
1576772543
1576929914
1577087739
1577245070
1577403256
1577560917
1577718445
1577903846
1578033179
1578191875
1578367063
1578507396
1578665067
1578829875
1578988337
1579146304
1579304316
1579509646
1579620085
1579778002
1579935339
1580093040
1580250580
1580408400
1580565943
1580723656
1580882575
1581039191
1581197171
1581354754
1581511810
1581669724
1581827385
1581985148
1582142762
1582300452
1582458048
1582615810
1582773419
1582931439
1583088683
1583246735
1583421279
1583565920
1583719629
1583877212
1584034928
1584192641
1584350319
1584508850
1584666295
1584823888
1585018263
1585139434
1585296925
1585454587
1585612044
1585770078
1585927785
1586085491
1586243889
1586402657
1586560108
1586718501
1586876692
1587035161
1587192965
1587350635
1587509625
1587665790
1587823550
1587981170
1588138550
1588296387
1588454304
1588612459
1588770275
1588927806
1589101147
1589242766
1589400673
1589558436
1589716913
1589873762
1590031415
1590189105
1590346798
1590504107
1590706207
1590819750
1590977950
1591136140
1591294127
1591451653
1591609284
1591767160
1591924826
1592082427
1592240034
1592397743
1592556620
1592713180
1592870804
1593029167
1593187068
1593345299
1593503685
1593661275
1593820629
1593977902
1594136109
1594293212
1594451122
1594609053
1594767237
1594925094
1595082690
1595240702
1595398459
1595556112
1595714251
1595871947
1596030383
1596202444
1596350640
1596503234
1596660374
1596817893
1596975949
1597133166
1597290942
1597448570
1597606462
1597803560
1597922514
1598080606
1598238560
1598396180
1598554427
1598715347
1598873706
1599031865
1599190588
1599347338
1599504884
1599662609
1599820245
1599978024
1600135672
1600311015
1600452353
1600608655
1600766681
1600924051
1601081713
1601239521
1601397276
1601555373
1601712517
1601903977
1602029044
1602186327
1602343114
1602501273
1602658612
1602816085
1602974102
1603131703
1603289175
1603447103
1603604768
1603762385
1603919794
1604078075
1604236079
1604394469
1604552676
1604710806
1604868260
1605026347
1605184226
1605342540
1605501212
1605658664
1605816245
1605974226
1606131856
1606289837
1606447295
1606605454
1606763072
1606921179
1607078770
1607236681
1607396032
1607552145
1607709677
1607867890
1608025207
1608182824
1608340629
1608498027
1608655978
1608814084
1608990416
1609129327
1609286778
1609444985
1609602462
1609760495
1609917524
1610075210
1610232835
1610390554
1610548114
1610706309
1610863421
1611021438
1611178828
1611336476
1611511506
1611652294
1611809450
1611967052
1612124662
1612282357
1612439822
1612597905
1612755279
1612912946
1613100325
1613228146
1613385987
1613543206
1613701151
1613858724
1614016239
1614174526
1614332276
1614490127
1614648004
1614805674
1614963569
1615126793
1615279421
1615437374
1615598251
1615752936
1615910443
1616067925
1616226133
1616384485
1616541256
1616698571
1616856988
1617015059
1617172886
1617331098
1617488505
1617645939
1617806815
1617962228
1618119034
1618276324
1618434601
1618591839
1618749539
1618907256
1619064826
1619222300
1619380038
1619553984
1619695388
1619852571
1620011231
1620172894
1620326453
1620483501
1620641286
1620798897
1620957583
1621113863
1621271725
1621429299
1621587010
1621775030
1621902413
1622059751
1622217886
1622376112
1622550322
1622705289
1622850735
1623009058
1623162525
1623323746
1623481738
1623641475
1623797074
1623968802
1624112458
1624272308
1624430310
1624587983
1624745690
1624903683
1625061809
1625219313
1625377177
1625534819
1625692828
1625850352
1626008059
1626165890
1626323702
1626481175
1626639084
1626796617
1626954644
1627111891
1627269771
1627431228
1627585157
1627742729
1627900084
1628058198
1628215539
1628381203
1628533318
1628688901
1628846624
1629006517
1629170795
1629322315
1629479797
1629638870
1629795538
1629954115
1630153136
1630312411
1630469682
1630627416
1630785089
1630942794
1631100236
1631258112
1631415743
1631573646
1631731736
1631889290
1632047513
1632204103
1632354541
1632519644
1632677353
1632835257
1632993061
1633150491
1633308058
1633466290
1633623786
1633781208
1633938642
1634096357
1634254618
1634413229
1634570016
1634727734
1634885362
1635043557
1635201019
1635358566
1635516588
1635674430
1635832105
1635990153
1636154708
1636305049
1636462779
1636620676
1636778334
1636936895
1637101879
1637253368
1637411793
1637569999
1637754607
1637887053
1638044898
1638203411
1638360822
1638518946
1638701651
1638834294
1638992778
1639151181
1639309503
1639467918
1639626238
1639784441
1639942069
1640099546
1640257118
1640415015
1640573341
1640731494
1640896991
1641047618
1641206991
1641364566
1641523378
1641681215
1641839354
1641997134
1642155000
1642312760
1642470366
1642628065
1642785785
1642944299
1643102392
1643260382
1643418667
1643577026
1643735422
1643893673
1644053405
1644209726
1644367430
1644525087
1644682768
1644840298
1644998015
1645155390
1645313618
1645470994
1645629835
1645787467
1645950947
1646109334
1646267828
1646425225
1646583100
1646740768
1646898700
1647056183
1647213962
1647371374
1647532739
1647687252
1647845139
1648002462
1648160741
1648318553
1648476431
1648634916
1648792082
1648949370
1649107430
1649268725
1649423280
1649580784
1649739144
1649900929
1650056332
1650214334
1650372103
1650537612
1650687422
1650845031
1651002850
1651160509
1651318585
1651507387
1651634183
1651791969
1651961811
1652135540
1652278521
1652436509
1652594463
1652752093
1652909695
1653067513
1653225134
1653382855
1653540661
1653737446
1653855837
1654013938
1654172947
1654331372
1654489013
1654646859
1654804417
1654962396
1655121326
1655278277
1655436277
1655594667
1655751973
1655909781
1656067222
1656224848
1656382729
1656540999
1656698928
1656856679
1657014420
1657172589
1657330093
1657487992
1657646164
1657804515
1657954963
1658120206
1658277690
1658435385
1658593044
1658750677
1658908191
1659065876
1659223295
1659380870
1659538457
1659696492
1659853568
1660011479
1660168710
1660326664
1660484321
1660642029
1660799381
1660957451
1661114618
1661272487
1661430202
1661588390
1661746649
1661904771
1662062987
1662220368
1662378336
1662535843
1662703009
1662850884
1663010228
1663167545
1663325417
1663485104
1663642128
1663800003
1663958331
1664115975
1664304159
1664431354
1664589111
1664746944
1664919279
1665067538
1665220674
1665377705
1665535954
1665694233
1665851743
1666009591
1666167016
1666324688
1666519171
1666639992
1666797953
1666955296
1667112958
1667270513
1667428216
1667585736
1667743892
1667901091
1668051809
1668216318
1668374008
1668532093
1668689295
1668846945
1669004542
1669162698
1669319812
1669477336
1669635354
1669792726
1669950402
1670107981
1670265769
1670423328
1670581002
1670738579
1670896500
1671054389
1671212091
1671370026
1671527819
1671685051
1671842831
1672000760
1672158144
1672315619
1672473403
1672631136
1672788862
1672946884
1673104000
1673261561
1673419845
1673578080
1673735710
1673901222
1674051050
1674208778
1674366394
1674523988
1674682220
1674839033
1674996923
1675155381
1675312758
1675506910
1675628941
1675786657
1675944423
1676104215
1676260277
1676417524
1676575444
1676732776
1676890987
1677048438
1677206114
1677363800
1677521495
1677704193
1677836947
1677994584
1678152595
1678309999
1678467489
1678625301
1678782957
1678940745
1679094554
1679256069
1679414307
1679572960
1679730251
1679887849
1680045897
1680202998
1680361638
1680519890
1680677287
1680837542
1680993273
1681150753
1681309169
1681466823
1681624641
1681782241
1681940601
1682098629
1682256381
1682414185
1682572051
1682729382
1682887202
1683044666
1683202360
1683359927
1683517821
1683669117
1683833756
1683991552
1684149551
1684307346
1684464791
1684622540
1684781073
1684939225
1685103470
1685254478
1685412088
1685569479
1685727563
1685885381
1686043127
1686200460
1686358167
1686516002
1686706555
1686832173
1686990442
1687148481
1687306183
1687464025
1687621638
1687779463
1687937148
1688094553
1688252652
1688410184
1688567907
1688726004
1688889155
1689041887
1689199655
1689357818
1689515459
1689673263
1689831263
1689988414
1690146266
1690303904
1690489557
1690620388
1690778450
1690936937
1691095241
1691253391
1691411792
1691569147
1691726999
1691885628
1692043291
1692201587
1692359742
1692517998
1692677211
1692835464
1692996038
1693153598
1693313101
1693469668
1693627655
1693785422
1693942838
1694100387
1694258110
1694415601
1694573667
1694737137
1694890103
1695046452
1695205209
1695362523
1695520529
1695678067
1695835459
1695993286
1696151284
1696308667
1696466530
1696625330
1696782240
1696940521
1697098141
1697255688
1697413516
1697571526
1697728643
1697901619
1698044141
1698201890
1698359737
1698517232
1698674833
1698832340
1698990055
1699148335
1699306448
1699502294
1699622273
1699780019
1699937898
1700095415
1700253008
1700411633
1700569306
1700726966
1700885134
1701042786
1701200352
1701358089
1701515870
1701676195
1701831329
1701988727
1702146266
1702304110
1702461738
1702619140
1702777360
1702934581
1703092441
1703271807
1703407750
1703565315
1703722713
1703880594
1704038174
1704195778
1704353190
1704511485
1704671999
1704830038
1704987686
1705145398
1705310629
1705460714
1705618226
1705775983
1705934235
1706091732
1706249458
1706407231
1706564931
1706722889
1706880405
1707038238
1707195901
1707353210
1707512157
1707668511
1707826720
1707983552
1708141444
1708300252
1708457784
1708615569
1708773282
1708930789
1709104930
1709246287
1709404364
1709561861
1709719266
1709877034
1710034536
1710192304
1710350370
1710508112
1710706806
1710824131
1710981947
1711139469
1711297141
1711455593
1711612927
1711770516
1711928698
1712085743
1712243452
1712402013
1712559824
1712717911
1712875285
1713033166
1713190909
1713348509
1713506200
1713663672
1713822084
1713980069
1714137541
1714294977
1714457599
1714610214
1714768476
1714926189
1715083902
1715241365
1715399247
1715556662
1715714960
1715872494
1716057763
1716187630
1716345378
1716502716
1716660659
1716818093
