2538872665
2538883447
2538900712
2538915790
2538933874
2538949419
2538962630
2538978220
2538991102
2539003068
2539020606
2539038282
2539054336
2539069520
2539088377
2539106130
2539122049
2539133935
2539149638
2539164751
2539175873
2539189004
2539207178
2539218776
2539236802
2539253891
2539265493
2539278663
2539292309
2539305169
2539316252
2539334855
2539351820
2539364671
2539375668
2539388582
2539402178
2539420800
2539437473
2539450737
2539464921
2539482717
2539497796
2539510555
2539526906
2539542742
2539553678
2539565303
2539583133
2539597427
2539610871
2539629099
2539640091
2539656573
2539674419
2539689778
2539707215
2539720973
2539738063
2539755130
2539772311
2539785779
2539804201
2539822837
2539837680
2539856588
2539869020
2539887812
2539898627
2539911106
2539922307
2539935067
2539951229
2539968954
2539984474
2539995659
2540006963
2540020797
2540035318
2540053465
2540066524
2540081458
2540095023
2540105924
2540117081
2540129710
2540143646
2540161842
2540178372
2540195946
2540212991
2540228585
2540245089
2540256863
2540271049
2540287210
2540305322
2540323883
2540340657
2540355281
2540371835
2540383304
2540397795
2540410202
2540426673
2540440787
2540451739
2540462659
2540480672
2540496770
2540513939
2540525001
2540542591
2540557267
2540569959
2540584006
2540594853
2540607824
2540623579
2540639498
2540655579
2540670177
2540685274
2540699791
2540715229
2540726713
2540741810
2540756313
2540772411
2540786277
2540801740
2540816447
2540828420
2540846222
2540862879
2540876367
2540888990
2540902541
2540915793
2540933769
2540952451
2540967857
2540984330
2540998307
2541010812
2541027624
2541046025
2541056997
2541071830
2541084846
2541098982
2541115872
2541126840
2541140014
2541155506
2541170415
2541187819
2541202530
2541218950
2541232976
2541251849
2541268183
2541280922
2541295407
2541309322
2541320749
2541337975
2541354502
2541366416
2541379755
2541394658
2541412897
2541427330
2541445260
2541464167
2541477765
2541490186
2541501327
2541520086
2541530939
2541547007
2541564854
2541583245
2541599284
2541616436
2541634031
2541650216
2541661221
2541679793
2541695047
2541706845
2541720355
2541735333
2541748525
2541759638
2541774451
2541791192
2541808299
2541822227
2541833152
2541845785
2541864535
2541878131
2541896925
2541911446
2541929184
2541946484
2541963384
2541979733
2541995658
2542013349
2542027579
2542046041
2542062122
2542073094
2542087264
2542104513
2542125542
2542139474
2542152907
2542169600
2542182054
2542195435
2542206962
2542224993
2542242361
2542258032
2542271934
2542285372
2542297811
2542310457
2542323557
2542339428
2542352732
2542371628
2542387856
2542404587
2542421392
2542438446
2542449491
2542467931
2542480879
2542495416
2542512377
2542530470
2542544409
2542555843
2542573686
2542589600
2542600865
2542611978
2542624134
2542637132
2542650282
2542668958
2542682901
2542696558
2542715015
2542731566
2542746226
2542758909
2542774160
2542785396
2542799808
2542813431
2542828659
2542841721
2542852894
2542867587
2542879748
2542891044
2542904115
2542917613
2542933075
2542950895
2542969668
2542988439
2543004466
2543017011
2543029480
2543048420
2543065070
2543078118
2543089467
2543101458
2543115208
2543133831
2543144823
2543161918
2543178479
2543197305
2543215361
2543231314
2543245993
2543262619
2543278502
2543294136
2543309980
2543328611
2543344244
2543356858
2543375286
2543393926
2543409657
2543424272
2543442036
2543460299
2543477387
2543489105
2543505096
2543520297
2543537369
2543549869
2543561440
2543575171
2543591579
2543605355
2543616263
2543632858
2543651381
2543664175
2543680696
2543694999
2543708225
2543726895
2543740092
2543751845
2543765776
2543781870
2543792626
2543803417
2543821988
2543837932
2543852036
2543867236
2543885419
2543900696
2543917555
2543935321
2543949457
2543965692
2543977770
2543993488
2544004381
2544015206
2544026343
2544043614
2544055246
2544069004
2544086187
2544099521
2544117074
2544134808
2544148388
2544160564
2544171392
2544187278
2544199003
2544215104
2544233925
2544246129
2544257369
2544270753
2544286288
2544299671
2544316068
2544328314
2544345736
2544361736
2544372684
2544391604
2544409621
2544424957
2544443187
2544461934
2544477088
2544488870
2544501081
2544515902
2544533899
2544546347
2544564743
2544583337
2544598911
2544614904
2544628624
2544640421
2544656222
2544670751
2544683639
2544699342
2544711728
2544729280
2544747269
2544763915
2544782487
2544796090
2544807976
2544822886
2544834209
2544850946
2544868894
2544881866
2544894085
2544906085
2544922211
2544937926
2544948764
2544964948
2544981476
2544996268
2545013397
2545031847
2545048207
2545062509
2545075685
2545087455
2545103334
2545116208
2545131905
2545148009
2545166031
2545184888
2545198331
2545211337
2545222691
2545239458
2545257919
2545273041
2545287296
2545304525
2545322054
2545337605
2545351738
2545368583
2545381576
2545397720
2545412298
2545425653
2545437790
2545455693
2545469399
2545481267
2545497199
2545508087
2545525637
2545540677
2545556151
2545567981
2545580824
2545597013
2545612956
2545623724
2545639814
2545652086
2545669827
2545687444
2545698975
2545712560
2545728316
2545740145
2545751742
2545767024
2545781238
2545794297
2545812938
2545827446
2545842083
2545856631
2545869561
2545887182
2545901824
2545919680
2545933070
2545949741
2545961842
2545977965
2545994838
2546008960
2546027254
2546040964
2546052872
2546069803
2546087536
2546102238
2546120059
2546137388
2546151438
2546168274
2546182126
2546200576
2546212739
2546229510
2546247252
2546265504
2546282135
2546297795
2546312092
2546324030
2546341297
2546357648
2546374467
2546391543
2546404632
2546420575
2546432486
2546451400
2546466233
2546480629
2546492790
2546510376
2546522373
2546538403
2546550912
2546563398
2546576336
2546594349
2546606774
2546619035
2546635060
2546653365
2546671258
2546689396
2546703664
2546720987
2546733290
2546750303
2546762647
2546780674
2546791729
2546804180
2546823053
2546839451
2546850971
2546861964
2546878673
2546895690
2546914253
2546925265
2546940103
2546951770
2546970130
2546987908
2547003643
2547019417
2547036702
2547047858
2547065286
2547076790
2547087726
2547105947
2547117246
2547129099
2547141312
2547159150
2547173469
2547190489
2547207325
2547223940
2547234814
2547246824
2547265005
2547275931
2547291013
2547305319
2547321912
2547341935
2547360237
2547374840
2547391610
2547402809
2547415089
2547428560
2547445415
2547459619
2547476043
2547492659
2547509633
2547525865
2547540678
2547553685
2547569712
2547583455
2547600715
2547619413
2547633560
2547651333
2547669600
2547681632
2547697920
2547709291
2547720865
2547732918
2547744569
2547757041
2547775469
2547788386
2547800239
2547813396
2547831395
2547843720
2547860551
2547879226
2547894999
2547910413
2547922436
2547941124
2547956764
2547975019
2547989406
2548007887
2548026153
2548038071
2548054589
2548072885
2548089055
2548101396
2548118333
2548133008
2548150864
2548165283
2548179216
2548194534
2548205886
2548224725
2548238838
2548251911
2548265238
2548278782
2548295435
2548311132
2548327457
2548340172
2548351015
2548362809
2548377182
2548393386
2548409280
2548424571
2548437721
2548455193
2548467330
2548482900
2548496299
2548508063
2548525563
2548542666
2548555795
2548568280
2548584222
2548599315
2548616985
2548630706
2548644164
2548660597
2548676887
2548694824
2548713351
2548730481
2548742281
2548759912
2548770832
2548782827
2548798541
2548811157
2548825364
2548844118
2548860617
2548878052
2548891996
2548909598
2548923695
2548942576
2548958300
2548973836
2548990393
2549001587
2549013517
2549031255
2549049376
2549067912
2549081693
2549094444
2549106674
2549122250
2549141017
2549159280
2549174248
2549189675
2549205388
2549217522
2549230991
2549244203
2549256768
2549272360
2549284533
2549296270
2549314744
2549330498
2549343359
2549359580
2549378448
2549389831
2549408230
2549424128
2549435438
2549449251
2549460381
2549477845
2549492345
2549510896
2549523454
2549541146
2549555300
2549566705
2549582737
2549597635
2549609652
2549626291
2549638916
2549657824
2549676048
2549694950
2549711593
2549728175
2549740406
2549754873
2549769252
2549780027
2549791745
2549810626
2549826480
2549838972
2549857481
2549873567
2549886893
2549902916
2549917077
2549928741
2549945253
2549957584
2549973277
2549984465
2550002380
2550013884
2550032764
2550051357
2550067725
2550084019
2550097588
2550114422
2550128263
2550146892
2550158677
2550173218
2550186862
2550205200
2550219723
2550237966
2550250153
2550267109
2550279828
2550292436
2550308174
2550319796
2550337299
2550352436
2550364667
2550376321
2550389085
2550401645
2550416125
2550431936
2550447294
2550462763
2550474869
2550491078
2550506090
2550522333
2550534562
2550546366
2550562457
2550575203
2550591533
2550603748
2550622277
2550637296
2550654063
2550669997
2550682446
2550696191
2550707756
2550725532
2550741342
2550758083
2550770643
2550784639
2550798802
2550815183
2550826847
2550839860
2550851685
2550866542
2550880648
2550893063
2550905066
2550917279
2550934697
2550951367
2550964335
2550981487
2550998391
2551009466
2551023550
2551034393
2551052558
2551065701
2551076468
2551087282
2551100268
2551116820
2551132959
2551149074
2551161158
2551177971
2551194272
2551206113
2551222524
2551239061
2551256970
2551275470
2551292225
2551310011
2551327129
2551345609
2551358215
2551374172
2551390105
2551404984
2551423186
2551436867
2551455454
2551470862
2551485824
2551500201
2551514444
2551530233
2551543737
2551555020
2551568947
2551586116
2551600109
2551615813
2551634198
2551647610
2551666162
2551682315
2551699610
2551716938
2551733716
2551751384
2551765504
2551781451
2551795356
2551810356
2551825780
2551838004
2551852869
2551866894
2551878949
2551894985
2551909415
2551926142
2551937983
2551952889
2551968083
2551981258
2551992292
2552004700
2552019957
2552037613
2552049380
2552060691
2552076457
2552087731
2552105688
2552120798
2552138661
2552155590
2552172565
2552191384
2552206678
2552218827
2552236412
2552249598
2552265436
2552277548
2552289327
2552303624
2552317984
2552335072
2552351805
2552363983
2552378431
2552393628
2552406420
2552424514
2552442120
2552458541
2552471343
2552484733
2552498445
2552510586
2552528003
2552544867
2552560994
2552574271
2552586923
2552598871
2552611014
2552627878
2552639312
2552657964
2552671395
2552689254
2552703912
2552719855
2552731545
2552743098
2552756312
2552768874
2552782078
2552799710
2552811325
2552825125
2552837884
2552852387
2552867062
2552879840
2552896689
2552912001
2552925745
2552943679
2552959016
2552976421
2552993940
2553009676
2553024747
2553042137
2553060497
2553075428
2553089345
2553105944
2553123194
2553135663
2553153231
2553169572
2553187343
2553203724
2553216595
2553229598
2553243475
2553261425
2553274214
2553290316
2553302041
2553318276
2553335961
2553348091
2553364739
2553378489
2553393648
2553410842
2553429258
2553441959
2553459352
2553470104
2553481159
2553499928
2553512871
2553525965
2553544610
2553562028
2553573880
2553585498
2553599910
2553610941
2553622761
2553634499
2553645754
2553658861
2553672000
2553689861
2553704859
2553721997
2553737471
2553751049
2553764143
2553780409
2553799335
2553817490
2553833062
2553851316
2553868200
2553886169
2553903015
2553914595
2553932766
2553946032
2553963370
2553976639
2553994335
2554011184
2554025748
2554044086
2554057714
2554075432
2554089164
2554104610
2554119313
2554131029
2554146763
2554161070
2554177259
2554189429
2554200495
2554216184
2554233537
2554245390
2554258224
2554276286
2554287862
2554302965
2554320847
2554335619
2554353510
2554366598
2554378551
2554395405
2554409159
2554427195
2554444003
2554455618
2554471196
2554488673
2554507394
2554525508
2554542674
2554561012
2554579576
2554594998
2554608639
2554621013
2554635343
2554647353
2554658858
2554670460
2554683243
2554701588
2554719863
2554733708
2554745205
2554760538
2554776688
2554792638
2554805212
2554819047
2554832086
2554846958
2554864672
2554879948
2554890837
2554905267
2554917852
2554929780
2554946328
2554963898
2554977277
2554988637
2555005948
2555019402
2555036873
2555048478
2555060511
2555071594
2555083469
2555100047
2555115435
2555130375
2555148459
2555161909
2555172678
2555188721
2555200890
2555215100
2555226658
2555243094
2555259322
2555277599
2555288711
2555307592
2555322426
2555338195
2555356881
2555370788
2555388649
2555403726
2555414940
2555428589
2555443061
2555459629
2555474661
2555485769
2555501860
2555519799
2555536052
2555551360
2555569224
2555583699
2555598583
2555615611
2555629516
2555643751
2555655817
2555672932
2555683888
2555702209
2555714987
2555734628
2555751684
2555767994
2555786043
2555799885
2555814941
2555828008
2555843120
2555856552
2555868677
2555886241
2555901385
2555919772
2555934437
2555953142
2555971411
2555990249
2556005220
2556019568
2556031804
2556046660
2556063806
2556079856
2556092430
2556110855
2556122977
2556135543
2556150064
2556161726
2556174601
2556185680
2556201187
2556218364
2556231609
2556249918
2556268483
2556281605
2556299708
2556311827
2556327085
2556340183
2556356294
2556373900
2556388024
2556406000
2556421540
2556435307
2556454135
2556465442
2556477215
2556492315
2556506240
2556525101
2556542142
2556554548
2556572330
2556591249
2556606115
2556621379
2556636911
2556652699
2556664976
2556681134
2556692196
2556708316
2556726008
2556742225
2556756133
2556769550
2556785689
2556798368
2556812081
2556825744
2556844206
2556861006
2556874227
2556887014
2556903789
2556914684
2556928500
2556940020
2556950955
2556965679
2556980120
2556993922
2557011220
2557024837
2557039402
2557051001
2557067153
2557077997
2557091321
2557105105
2557122293
2557138550
2557152915
2557169726
2557182383
2557200636
2557216389
2557229872
2557245991
2557258331
2557276907
2557291238
2557305588
2557323431
2557337231
2557350096
2557364436
2557380487
2557391707
2557404451
2557415287
2557431896
2557449102
2557461281
2557478537
2557496840
2557509559
2557521913
2557536345
2557550215
2557564292
2557576002
2557591439
2557603742
2557616401
2557630604
2557643477
2557656108
2557674233
2557690205
2557706035
2557724644
2557739929
2557752806
2557768867
2557786912
2557802138
2557817099
2557834665
2557849192
2557860152
2557875371
2557889570
2557901615
2557916256
2557931113
2557946284
2557959728
2557972165
2557990404
2558005786
2558023389
2558039260
2558054775
2558066781
2558080791
2558093885
2558105552
2558121456
2558134036
2558146349
2558163891
2558181701
2558200516
2558218602
2558235671
2558249032
2558264774
2558278832
2558292888
2558307926
2558322655
2558335801
2558349234
2558363882
2558380151
2558398813
2558413802
2558424721
2558441009
2558455142
2558466805
2558477926
2558494725
2558512888
2558529936
2558544386
2558561536
2558580456
2558598595
2558613544
2558624851
2558636968
2558649070
2558667477
2558679822
2558694448
2558712717
2558724699
2558738182
2558753655
2558766964
2558785275
2558799575
2558815102
2558831569
2558844478
2558855886
2558868769
2558881311
2558900121
2558916577
2558934654
2558946141
2558957392
2558970499
2558985972
2558996790
2559014866
2559026544
2559044403
2559060682
2559073485
2559089121
2559104320
2559119565
2559132107
2559150570
2559168586
2559182499
2559199159
2559217336
2559230255
2559247517
2559264585
2559279482
2559290920
2559307952
2559326008
2559344497
2559361113
2559378322
2559395380
2559408717
2559424325
2559435113
2559446475
2559459100
2559473165
2559489371
2559500506
2559517083
2559534348
2559551374
2559565049
2559580260
2559593346
2559606131
2559624634
2559637158
2559648981
2559663144
2559678911
2559691336
2559702842
2559719302
2559736714
2559754502
2559772103
2559791017
2559807619
2559818639
2559833788
2559848790
2559864430
2559882653
2559897701
2559912092
2559926113
2559937725
2559948649
2559961198
2559975104
2559989865
2560006591
2560019676
2560037132
2560048918
2560060014
2560077016
2560091373
2560106401
2560124367
2560137881
2560153343
2560167947
2560179544
2560197262
2560210127
2560223553
2560238216
2560252290
2560270537
2560285677
2560303661
2560322047
2560338785
2560353510
2560368903
2560380992
2560391801
2560403044
2560415982
2560433699
2560446592
2560461011
2560479020
2560497183
2560508035
2560518922
2560534058
2560547203
2560565091
2560582416
2560600323
2560614292
2560627024
2560643825
2560662401
2560677091
2560694408
2560710790
2560726377
2560737681
2560750459
2560768541
2560782345
2560800961
2560815634
2560828792
2560842202
2560860721
2560874750
2560887777
2560905579
2560916930
2560935807
2560948673
2560970146
2560988568
2561003830
2561020040
2561037976
2561054881
2561069877
2561087088
2561104123
2561121814
2561138085
2561155349
2561174228
2561185729
2561201935
2561217287
2561234468
2561249315
2561262198
2561274444
2561290099
2561306958
2561319342
2561332288
2561343389
2561354769
2561365785
2561381144
2561397157
2561409073
2561427049
2561445450
2561457014
2561471022
2561482139
2561499568
2561513699
2561529869
2561547686
2561562644
2561576634
2561589102
2561601684
2561616198
2561633289
2561648547
2561664548
2561680527
2561696122
2561714842
2561729161
2561748032
2561761169
2561778920
2561795760
2561812484
2561823792
2561839239
2561856634
2561871908
2561887967
2561901558
2561920026
2561934662
2561947545
2561962775
2561974805
2561988293
2562005528
2562021156
2562039577
2562052304
2562068745
2562082752
2562098419
2562112017
2562126889
2562137730
2562156243
2562171774
2562185383
2562196598
2562211220
2562224649
2562242417
2562260138
2562272515
2562290396
2562308050
2562326840
2562341519
2562354264
2562373116
2562386897
2562401344
2562414688
2562430664
2562447050
2562459957
2562473530
2562486727
2562499045
2562512231
2562526207
2562540489
2562555222
2562569940
2562585134
2562601365
2562614468
2562628844
2562646763
2562663216
2562676255
2562693826
2562707100
2562723957
2562734764
2562749558
2562762567
2562777842
2562793131
2562804694
2562817898
2562834531
2562852194
2562864213
2562881376
2562898746
2562917121
2562933180
2562948577
2562965959
2562977966
2562992860
2563008070
2563024114
2563040026
2563057366
2563074577
2563086239
2563104374
2563117204
2563131658
2563148238
2563163598
2563176163
2563188372
2563204108
2563220555
2563236442
2563253332
2563265750
2563282938
2563298241
2563313046
2563329292
2563345041
2563356431
2563371782
2563383314
2563402241
2563413459
2563431135
2563448321
2563460769
2563479159
2563496500
2563515428
2563534150
2563549388
2563560260
2563578370
2563592666
2563605848
2563623792
2563635533
2563652738
2563666479
2563678579
2563690901
2563702703
2563719382
2563735495
2563752007
2563763763
2563781041
2563797931
2563816328
2563828288
2563846170
2563858525
2563871052
2563883887
2563896255
2563913849
2563928787
2563941337
2563956111
2563971829
2563990211
2564004740
2564017526
2564030180
2564047344
2564064007
2564077234
2564089228
2564103808
2564118172
2564134667
2564151037
2564165062
2564180525
2564193578
2564209775
2564227079
2564240486
2564258604
2564276695
2564293863
2564310357
2564327327
2564343823
2564358128
2564371952
2564386513
2564399175
2564416448
2564434179
2564452015
2564467926
2564482315
2564499410
2564512423
2564527436
2564545221
2564560343
2564575031
2564587489
2564603640
2564621057
2564634149
2564645541
2564662702
2564681360
2564692803
2564709443
2564723360
2564738681
2564751786
2564763897
2564779747
2564798069
2564814662
2564831492
2564849690
2564861549
2564872742
2564885615
2564898818
2564914422
2564926398
2564940016
2564952167
2564965216
2564977176
2564993121
2565006579
2565018451
2565035369
2565046731
2565062603
2565076706
2565090572
2565106576
2565119207
2565132495
2565148143
2565160480
2565171420
2565187744
2565205467
2565220018
2565237513
2565251600
2565265628
2565278935
2565295001
2565313192
2565326166
2565344351
2565356371
2565368263
2565385828
2565400670
2565415775
2565429530
2565444231
2565456174
2565469195
2565484600
2565501692
2565514145
2565526199
2565541009
2565554194
2565571106
2565588558
2565600320
2565618803
2565630467
2565644611
2565661315
2565678831
2565691188
2565708958
2565727649
2565745549
2565763586
2565778991
2565794472
2565812393
2565830231
2565846158
2565859921
2565875398
2565888526
2565900795
2565917335
2565928279
2565947178
2565963571
2565978183
2565989629
2566003596
2566014415
2566029497
2566046349
2566059729
2566071893
2566090023
2566105820
2566121942
2566132792
2566144585
2566158840
2566173249
2566190416
2566208911
2566223151
2566241338
2566258088
2566275453
2566292565
2566308164
2566325792
2566340197
2566356512
2566370705
2566384757
2566396402
2566409543
2566422670
2566439248
2566457774
2566472347
2566483816
2566495792
2566510797
2566526375
2566538004
2566553058
2566565488
2566577895
2566589119
2566606703
2566621532
2566633254
2566649842
2566663245
2566678721
2566696156
2566707406
2566721655
2566739264
2566757015
2566774505
2566786634
2566800325
2566818100
2566835708
2566850345
2566868952
2566880394
2566897071
2566915011
2566927220
2566944840
2566958470
2566975400
2566989692
2567004136
2567015356
2567030965
2567047887
2567065105
2567082462
2567093458
2567106707
2567118667
2567136403
2567150149
2567161814
2567175716
2567192113
2567209049
2567221013
2567237819
2567254196
2567266306
2567279125
2567296706
2567312975
2567326839
2567342481
2567354336
2567370645
2567385674
2567396806
2567409583
2567425396
2567438312
2567449906
2567463646
2567476709
2567494183
2567509873
2567520672
2567538061
2567550410
2567566544
2567580068
2567592131
2567608537
2567625100
2567636144
2567650135
2567661712
2567673707
2567686287
2567697646
2567711496
2567725332
2567743383
2567761699
2567773880
2567787780
2567800658
2567811891
2567826146
2567837021
2567854164
2567868840
2567882386
2567897827
2567911748
2567924565
2567940606
2567956476
2567971890
2567985401
2568003544
2568014834
2568029184
2568046188
2568061070
2568073726
2568089684
2568102367
2568117722
2568131343
2568146006
2568157033
2568174774
2568186028
2568197944
2568213033
2568225466
2568236745
2568254112
2568265575
2568281281
2568293025
2568309113
2568324076
2568342849
2568353944
2568366039
2568380059
2568392654
2568409542
2568426282
2568439568
2568456421
2568473386
2568489701
2568504425
2568516595
2568528292
2568539061
2568557065
2568572541
2568590979
2568604924
2568616721
2568634737
2568650620
2568663889
2568681529
2568695821
2568714465
2568726153
2568742192
2568753367
2568770572
2568789513
2568805573
2568819085
2568832761
2568844379
2568862022
2568875218
2568887188
2568903839
2568916447
2568934093
2568948041
2568963214
2568976724
2568988132
2569002252
2569019722
2569030995
2569048629
2569063044
2569081304
2569097405
2569113609
2569126000
2569138588
2569154418
2569168128
2569185866
2569196932
2569208033
2569225706
2569241156
2569256328
2569273095
2569285807
2569299821
2569311166
2569322765
2569338620
2569353236
2569367875
2569382044
2569395990
2569407367
2569419987
2569431272
2569446237
2569463365
2569475186
2569490094
2569508496
2569519483
2569535103
2569547632
2569561550
2569573180
2569586952
2569602913
2569615267
2569633210
2569651966
2569667826
2569684176
2569700374
2569713327
2569724152
2569742068
2569755169
2569768917
2569786336
2569797827
2569810200
2569824599
2569841918
2569853270
2569871194
2569884139
2569902328
2569913572
2569929176
2569941679
2569957787
2569971989
2569989589
2570008453
2570023059
2570041777
2570055846
2570073722
2570092351
2570109483
2570122836
2570134667
2570149715
2570165327
2570180048
2570197989
2570212180
2570231092
2570248291
2570260447
2570275857
2570287145
2570301190
2570319416
2570336448
2570350305
2570368838
2570382727
2570398132
2570408908
2570423136
2570440858
2570454535
2570469605
2570485043
2570498812
2570516246
2570527804
2570539302
2570556063
2570571725
2570584635
2570595513
2570610993
2570628485
2570642995
2570658376
2570676971
2570695152
2570714025
2570732952
2570748440
2570764022
2570782645
2570795489
2570810662
2570826128
2570843923
2570856138
2570874378
2570891241
2570904539
2570922811
2570939853
2570956986
2570973219
2570990043
2571002340
2571016366
2571031144
2571042162
2571060385
2571072247
2571089617
2571104792
2571122035
2571135949
2571151606
2571163346
2571180328
2571198437
2571211938
2571229827
2571242125
2571259169
2571274192
2571291899
2571305421
2571317774
2571331881
2571343581
2571362057
2571379534
2571392387
2571403144
2571418546
2571433410
2571445931
2571462516
2571480488
2571491900
2571504171
2571518362
2571533513
2571551304
2571562310
2571578228
2571589278
2571605583
2571622595
2571640015
2571657891
2571671574
2571688615
2571701364
2571719780
2571736280
2571752077
2571768608
2571782175
2571793552
2571808259
2571820930
2571832597
2571844100
2571855570
2571872124
2571890244
2571901358
2571918093
2571935472
2571953814
2571968334
2571982420
2571996798
2572012741
2572024246
2572036762
2572052997
2572065955
2572078760
2572089637
2572102277
2572115042
2572130520
2572145847
2572162338
2572179587
2572193730
2572211163
2572225315
2572243631
2572262192
2572274773
2572285817
2572297085
2572311377
2572324375
2572338795
2572357133
2572371697
2572385734
2572401232
2572417277
2572430038
2572446648
2572463264
2572481683
2572497780
2572516263
2572529057
2572543250
2572559378
2572575270
2572586180
2572599083
2572615632
2572629026
2572645567
2572661866
2572673068
2572691138
2572709014
2572721892
2572733664
2572747037
2572759221
2572777151
2572788590
2572806656
2572820575
2572834914
2572846572
2572864870
2572883386
2572896893
2572915257
2572927628
2572938603
2572952673
2572971189
2572988800
2573000626
2573016257
2573029328
2573044012
2573062927
2573079887
2573090683
2573105315
2573117144
2573129700
2573142117
2573159778
2573171865
2573187554
2573199803
2573211319
2573223175
2573234785
2573246677
2573258355
2573269521
2573286530
2573299409
2573312553
2573323766
2573339814
2573351389
2573366098
2573379545
2573394753
2573406021
2573417750
2573429981
2573444366
2573460199
2573473113
2573486678
2573504274
2573521741
2573540453
2573551863
2573570357
2573587242
2573601495
2573617035
2573631080
2573642742
2573653601
2573666026
2573680770
2573691626
2573706109
2573723246
2573735575
2573746818
2573759095
2573775816
2573789183
2573802026
2573817945
2573834465
2573849520
2573862212
2573874353
2573889368
2573906613
2573920855
2573934996
2573947513
2573963019
2573979912
2573993688
2574011471
2574029409
2574042576
2574056791
2574068618
2574080901
2574091846
2574108964
2574121411
2574139291
2574153189
2574173885
2574188564
2574209440
2574228348
2574243783
2574261673
2574278741
2574296647
2574309022
2574324305
2574342107
2574360515
2574379218
2574397458
2574413271
2574427908
2574446349
2574464369
2574477313
2574491686
2574506396
2574523851
2574538850
2574555697
2574570881
2574585620
2574602063
2574615114
2574629498
2574646124
2574662504
2574680135
2574694872
2574707819
2574726126
2574743910
2574758136
2574771948
2574784373
2574802673
2574817060
2574832478
2574845093
2574860096
2574875771
2574890681
2574902636
2574913617
2574927521
2574944581
2574956404
2574971379
2574987159
2575004919
2575021249
2575036534
2575047551
2575059936
2575076924
2575095074
2575107440
2575122314
2575133612
2575150544
2575163324
2575174292
2575187688
2575203460
2575215061
2575232477
2575244750
2575262169
2575280273
2575298042
2575313769
2575325730
2575343969
2575355149
2575373390
2575389807
2575403280
2575417004
2575429313
2575445889
2575459052
2575473136
2575486219
2575501195
2575514237
2575525655
2575542360
2575556859
2575575777
2575590466
2575601449
2575616074
2575629960
2575642851
2575656961
2575670963
2575683639
2575696016
2575713984
2575725103
2575742627
2575758691
2575775067
2575790022
2575802089
2575819864
2575834941
2575851828
2575863235
2575874014
2575889951
2575905971
2575924393
2575936812
2575952236
2575967423
2575980807
2575996280
2576011520
2576028012
2576046110
2576059658
2576076435
2576087395
2576104109
2576119396
2576132698
2576149785
2576164331
2576183021
2576199893
2576210646
2576227009
2576238247
2576251250
2576265043
2576277455
2576291465
2576306079
2576322275
2576340800
2576356190
2576369674
2576385094
2576403314
2576415615
2576433165
2576446942
2576463220
2576474947
2576487441
2576504045
2576522310
2576535164
2576551928
2576567198
2576578937
2576592384
2576603730
2576620841
2576638618
2576652423
2576666479
2576680930
2576698826
2576713373
2576731451
2576750140
2576765410
2576783415
2576794904
2576811582
2576824526
2576836217
2576849636
2576868489
2576881476
2576899185
2576910655
2576925148
2576939376
2576957785
2576976322
2576992962
2577009638
2577023073
2577037658
2577049702
2577067448
2577085307
2577096945
2577115388
2577127989
2577138955
2577152621
2577169917
2577188443
2577203753
2577216607
2577228732
2577240308
2577255760
2577266902
2577284163
2577302590
2577313942
2577329349
2577341548
2577358527
2577373850
2577391992
2577406074
2577422912
2577441476
2577458069
2577472661
2577485128
2577501268
2577512784
2577526866
2577542793
2577558659
2577572207
2577587850
2577602570
2577616001
2577633391
2577649343
2577666040
2577682958
2577700779
2577717925
2577735955
2577751801
2577766975
2577783748
2577797847
2577811830
2577825329
2577841276
2577859718
2577876132
2577891679
2577903741
2577918928
2577930877
2577945002
2577961335
2577976144
2577988414
2578000465
2578011401
2578022968
2578040068
2578051581
2578066220
2578079240
2578093463
2578104748
2578120925
2578134295
2578150075
2578168586
2578180204
2578194637
2578211871
2578229292
2578246740
2578258556
2578269421
2578284766
2578296273
2578314775
2578330686
2578347701
2578360113
2578372237
2578384297
2578398698
2578417203
2578431398
2578445333
2578458624
2578473767
2578492522
2578503776
2578515722
2578527524
2578543739
2578559175
2578575201
2578590960
2578602386
2578619295
2578632285
2578645466
2578658133
2578672574
2578684977
2578696700
2578707510
2578725450
2578737981
2578754437
2578770404
2578788651
2578800757
2578819466
2578837822
2578851999
2578863331
2578874308
2578891028
2578908438
2578922667
2578937848
2578950433
2578965411
2578976944
2578992460
2579005846
2579021976
2579035012
2579048305
2579060228
2579077755
2579092193
2579106972
2579120636
2579136338
2579154233
2579172997
2579189317
2579206160
2579220359
2579232018
2579245414
2579262637
2579280898
2579299541
2579313761
2579331759
2579347887
2579365779
2579379465
2579397201
2579414650
2579432365
2579447586
2579466387
2579481946
2579495711
2579513687
2579529458
2579543451
2579560500
2579571831
2579590414
2579605598
2579618734
2579636059
2579650858
2579664476
2579677391
2579688590
2579703875
2579719503
2579733038
2579749516
2579761410
2579773346
2579785171
2579802659
2579819091
2579836450
2579848423
2579865481
2579883417
2579895801
2579910780
2579924370
2579936027
2579952376
2579963597
2579978732
2579997523
2580013230
2580024189
2580037802
2580054072
2580071339
2580089719
2580102319
2580117645
2580132848
2580149307
2580163700
2580175945
2580191088
2580203653
2580215341
2580233327
2580249596
2580264923
2580281546
2580292556
2580310886
2580326309
2580344519
2580361274
2580376781
2580394377
2580408365
2580426469
2580438762
2580455770
2580471720
2580489415
2580506991
2580521525
2580538392
2580549603
2580565981
2580579896
2580591005
2580607163
2580620947
2580638884
2580651726
2580662725
2580674537
2580690730
2580704899
2580723737
2580741236
2580752192
2580763706
2580776151
2580789213
2580804908
2580820873
2580835006
2580852891
2580865361
2580879289
2580895317
2580910775
2580928771
2580942631
2580954825
2580968725
2580980686
2580996338
2581008216
2581022844
2581041316
2581055021
2581070066
2581081791
2581097900
2581108862
2581124547
2581142202
2581153267
2581170892
2581182085
2581198636
2581215841
2581228038
2581243556
2581254782
2581271073
2581288722
2581303589
2581320271
2581331740
2581344953
2581356517
2581374585
2581385505
2581401137
2581416485
2581435423
2581452565
2581468178
2581479596
2581494543
2581513155
2581527156
2581542329
2581556790
2581573181
2581588527
2581605923
2581620333
2581633385
2581647433
2581663655
2581676652
2581691478
2581702525
2581717906
2581731529
2581750375
2581762844
2581775141
2581788584
2581802310
2581814708
2581833087
2581850237
2581863026
2581876254
2581888611
2581900048
2581916951
2581934349
2581947069
2581960098
2581974138
2581989843
2582008364
2582022159
2582034362
2582050977
2582064552
2582078013
2582092215
2582104441
2582120278
2582138840
2582149990
2582161012
2582176684
2582189143
2582203734
2582217354
2582232370
2582247618
2582266379
2582281707
2582296795
2582315538
2582326677
2582337606
2582351074
2582366349
2582378789
2582393770
2582412154
2582423928
2582439763
2582457821
2582473929
2582489281
2582505799
2582521288
2582538176
2582551071
2582564130
2582579525
2582590839
2582604272
2582620101
2582635852
2582649329
2582665052
2582678476
2582696324
2582710494
2582726400
2582741481
2582754731
2582772751
2582791369
2582809757
2582821089
2582842034
2582856356
2582868780
2582879947
2582896772
2582910687
2582925783
2582938468
2582956222
2582967419
2582980018
2582997374
2583009612
2583027281
2583045661
2583058931
2583077309
2583095563
2583113706
2583127619
2583145237
2583158391
2583172595
2583190876
2583206825
2583222183
2583234018
2583251228
2583265536
2583281675
2583297808
2583313179
2583327577
2583342613
2583356801
2583373787
2583389861
2583408161
2583421038
2583437517
2583452176
2583465117
2583483833
2583496044
2583509522
2583521414
2583540244
2583558032
2583570939
2583586982
2583601083
2583614658
2583629065
2583642473
2583659282
2583676288
2583693099
2583707962
2583720753
2583738316
2583755432
2583771033
2583783167
2583797551
2583812737
2583826867
2583838584
2583854055
2583871477
2583890206
2583902494
2583915449
2583932000
2583942852
2583960288
2583974865
2583992061
2584006395
2584017432
2584033474
2584045194
2584061617
2584078549
2584089914
2584101552
2584115156
2584126463
2584140721
2584158034
2584169797
2584187200
2584198257
2584209752
2584221674
2584232618
2584246022
2584257198
2584268820
2584282888
2584296049
2584313318
2584332151
2584344475
2584362099
2584373337
2584384131
2584395902
2584407420
2584423125
2584438677
2584452750
2584471813
2584483552
2584502357
2584515898
2584533596
2584549082
2584562684
2584580757
2584598980
2584614661
2584628653
2584643381
2584660762
2584677422
2584696083
2584714063
2584727381
2584738573
2584751383
2584768326
2584786214
2584802277
2584813971
2584826637
2584839822
2584853399
2584867238
2584885448
2584900473
2584917565
2584928919
2584944656
2584962137
2584974457
2584987500
2585000672
2585015599
2585029863
2585042950
2585059373
2585070943
2585086495
2585099779
2585115760
2585130463
2585144024
2585160218
2585179084
2585191965
2585204455
2585219798
2585232679
2585245950
2585259129
2585276852
2585294701
2585309624
2585322188
2585339040
2585352416
2585371288
2585386465
2585397355
2585410574
2585422498
2585433381
2585451876
2585462904
2585475625
2585494503
2585506542
2585521597
2585535951
2585551974
2585565790
2585582134
2585595931
2585613248
2585624917
2585639984
2585652002
2585670087
2585685090
2585699039
2585717446
2585731051
2585747484
2585760551
2585774618
2585789244
2585802746
2585814170
2585826944
2585840417
2585859325
2585873273
2585884034
2585902711
2585917863
2585936611
2585954371
2585968405
2585982151
2585997891
2586014917
2586031026
2586043287
2586061141
2586079803
2586098565
2586113166
2586126309
2586142476
2586160965
2586177784
2586195846
2586211571
2586222894
2586241106
2586255867
2586268555
2586287552
2586302968
2586317443
2586331310
2586348865
2586360167
2586373568
2586386604
2586404570
2586420401
2586437080
2586454049
2586470011
2586488593
2586504915
2586515717
2586533283
2586551519
2586567866
2586585828
2586600599
2586612252
2586623390
2586642241
2586654937
2586668590
2586683417
2586694524
2586706892
2586725776
2586739484
2586754592
2586772831
2586789754
2586808122
2586825676
2586837001
2586848880
2586860074
2586872952
2586883868
2586900306
2586913995
2586927712
2586942281
2586957651
2586970387
2586982597
2587000738
2587015854
2587026973
2587041144
2587054638
2587070396
2587082830
2587093654
2587110717
2587125382
2587136583
2587154867
2587168401
2587182266
2587194996
2587207121
2587219374
2587235755
2587247412
2587261930
2587280485
2587296464
2587313920
2587329727
2587344663
2587358762
2587369806
2587387017
2587401788
2587413393
2587429090
2587446574
2587458923
2587474279
2587489027
2587500887
2587516282
2587533288
2587549136
2587567842
2587584671
2587597208
2587613595
2587625496
2587642767
2587654009
2587665518
2587681447
2587699890
2587716744
2587734802
2587749351
2587762409
2587776980
2587795218
2587809925
2587828784
2587845809
2587857313
2587869431
2587884589
2587901913
2587919447
2587936670
2587955697
2587966620
2587977485
2587994545
2588006119
2588017231
2588035451
2588051502
2588066329
2588084876
2588099900
2588115608
2588128581
2588141883
2588158926
2588172585
2588183905
2588195469
2588209374
2588228303
2588239876
2588253690
2588268671
2588287280
2588303172
2588322048
2588336355
2588347311
2588363136
2588377548
2588394332
2588407436
2588425357
2588437198
2588454206
2588466539
2588482888
2588497475
2588508276
2588520668
2588534880
2588551633
2588566459
2588582115
2588597430
2588608897
2588625587
2588636508
2588652201
2588666850
2588683368
2588695329
2588713001
2588724792
2588737378
2588751004
2588767492
2588784762
2588798484
2588814969
2588832682
2588849245
2588867031
2588883069
2588900035
2588912567
2588927789
2588945986
2588964638
2588976569
2588990207
2589006182
2589024575
2589041992
2589055508
2589071492
2589087922
2589099517
2589115499
2589129275
2589146558
2589160395
2589179066
2589197340
2589211011
2589223625
2589235203
2589247799
2589261084
2589279445
2589292302
2589308732
2589321421
2589334543
2589352849
2589371617
2589383002
2589398730
2589411002
2589428031
2589441456
2589456188
2589470846
2589482153
2589495939
2589511496
2589527392
2589539373
2589552134
2589569622
2589587984
2589598962
2589615329
2589632599
2589648275
2589659599
2589677223
2589690599
2589701924
2589715132
2589731542
2589743936
2589756553
2589768324
2589780090
2589793570
2589811875
2589824127
2589841640
2589855100
2589872764
2589885014
2589902183
2589915381
2589931148
2589950060
2589964770
2589977982
2589989600
2590007887
2590023834
2590037399
2590054798
2590070509
2590088484
2590106454
2590120243
2590137790
2590152410
2590170912
2590189328
2590204798
2590221759
2590238106
2590255777
2590267845
2590282927
2590297396
2590311666
2590328698
2590346776
2590362594
2590374256
2590387024
2590399235
2590415464
2590426572
2590442697
2590456293
2590474538
2590491367
2590507860
2590519061
2590535013
2590547759
2590563032
2590580825
2590596210
2590612158
2590626885
2590640179
2590657847
2590674733
2590687476
2590700647
2590717187
2590731471
2590746696
2590765388
2590777154
2590790230
2590805443
2590823155
2590838863
2590854302
2590873039
2590887710
2590899022
2590916529
2590929239
2590946024
2590963736
2590976082
2590987076
2591002111
2591017020
2591033178
2591046924
2591059209
2591075415
2591086470
2591101530
2591115368
2591130999
2591147581
2591161058
2591175832
2591189407
2591205248
2591223563
2591239309
2591252910
2591269517
2591283755
2591295727
2591311694
2591326385
2591344363
2591358775
2591372614
2591389436
2591407756
2591418984
2591434420
2591448116
2591466391
2591481238
2591492352
2591503925
2591521944
2591534054
2591545123
2591563076
2591580528
2591598471
2591616298
2591627235
2591645081
2591656842
2591668935
2591687045
2591702866
2591717857
2591729629
2591748090
2591761306
2591780007
2591792484
2591808859
2591825851
2591843633
2591855123
2591867542
2591879878
2591894423
2591912301
2591926249
2591938174
2591950850
2591969658
2591983458
2592000189
2592014796
2592025898
2592037683
2592051682
2592065987
2592080087
2592092598
2592104274
2592122281
2592136474
2592147469
2592165082
2592178498
2592194978
2592212762
2592226007
2592240366
2592255274
2592268570
2592285698
2592299879
2592317793
2592329410
2592346180
2592357048
2592370017
2592388388
2592402872
2592418014
2592431726
2592449404
2592464062
2592477236
2592491675
2592505664
2592519546
2592531524
2592546859
2592561449
2592574904
2592591226
2592608547
2592619493
2592635465
2592654056
2592665921
2592684856
2592700554
2592718501
2592735525
2592751328
2592764588
2592780299
2592799012
2592810777
2592828569
2592842994
2592855968
2592871409
2592884071
2592901662
2592920183
2592935137
2592953975
2592972687
2592988510
2593002523
2593014441
2593025910
2593041564
2593055530
2593073702
2593084831
2593100170
2593111630
2593124963
2593138256
2593155632
2593166825
2593188217
2593207151
2593221730
2593237262
2593253590
2593264568
2593283136
2593300366
2593313511
2593330890
2593346901
2593364176
2593377456
2593393778
2593405896
2593417888
2593433708
2593449105
2593463351
2593480478
2593498297
2593510010
2593527524
2593545089
2593562006
2593577392
2593595991
2593606839
2593621122
2593638797
2593652657
2593671458
2593688092
2593702461
2593718185
2593734305
2593745657
2593764070
2593777350
2593792823
2593808139
2593823983
2593842224
2593856290
2593869670
2593882169
2593894884
2593907777
2593925046
2593940777
2593953816
2593972119
2593990530
2594003982
2594016986
2594028614
2594041604
2594053834
2594067617
2594083043
2594101560
2594118203
2594136856
2594148165
2594161800
2594179472
2594195038
2594213477
2594232375
2594244447
2594258629
2594274565
2594293422
2594312352
2594330148
2594342771
2594360857
2594374198
2594389322
2594400914
2594415653
2594426592
2594438740
2594453552
2594466781
2594482706
2594501511
2594514261
2594533164
2594549173
2594565955
2594577335
2594592825
2594609765
2594624565
2594639362
2594654423
2594671565
2594684739
2594701747
2594718657
2594733255
2594748744
2594767065
2594784838
2594798912
2594820016
2594833028
2594851299
2594868982
2594882382
2594897989
2594908759
2594923265
2594937097
2594955157
2594966631
2594980759
2594998301
2595012076
2595027016
2595038344
2595057014
2595073924
2595087164
2595101133
2595118771
2595130922
2595141773
2595158045
2595171690
2595188512
2595206469
2595221636
2595236180
2595249184
2595260047
2595271175
2595285422
2595297618
2595316439
2595332806
2595345317
2595358887
2595372769
2595386522
2595402004
2595413212
2595430903
2595444012
2595455406
2595472379
2595488482
2595501205
2595514379
2595531755
2595544573
2595559461
2595577126
2595593108
2595607744
2595623461
2595634264
2595647675
2595658903
2595676109
2595694475
2595707899
2595722056
2595740011
2595756860
2595768338
2595780211
2595796025
2595813369
2595831767
2595850126
2595862050
2595876693
2595893846
2595912053
2595929250
2595947047
2595962819
2595973931
2595990099
2596007136
2596024927
2596041912
2596056655
2596070618
2596088909
2596105385
2596119413
2596131524
2596148182
2596166660
2596181131
2596199662
2596211351
2596228963
2596246500
2596259504
2596272675
2596285756
2596301499
2596319413
2596330986
2596343779
2596361069
2596378930
2596390389
2596406601
2596423574
2596435670
2596450082
2596468684
2596483411
2596498237
2596509202
2596525875
2596540922
2596551738
2596569753
2596591218
2596605716
2596624308
2596636130
2596647557
2596663078
2596680056
2596697034
2596713223
2596731958
2596748599
2596765493
2596782501
2596796035
2596808603
2596826871
2596839560
2596851355
2596865159
2596883508
2596899803
2596917336
2596934485
2596948918
2596961553
2596978336
2596997125
2597008687
2597020746
2597034477
2597051621
2597070253
2597085922
2597102830
2597114060
2597125678
2597137046
2597151212
2597162342
2597177389
2597191727
2597203587
2597218066
2597232494
2597244651
2597261250
2597279261
2597298120
2597310960
2597325525
2597342064
2597353214
2597364717
2597379298
2597395938
2597406801
2597421882
2597434645
2597450648
2597462235
2597473736
2597488349
2597504117
2597515383
2597531028
2597546399
2597560823
2597578348
2597591790
2597605982
2597622237
2597639174
2597656983
2597674669
2597692720
2597708399
2597720288
2597735560
2597753278
2597767039
2597784630
2597800271
2597813735
2597828081
2597844022
2597860165
2597877700
2597895148
2597906104
2597917672
2597929619
2597940378
2597956316
2597967358
2597980525
2597995217
2598011689
2598028096
2598044282
2598062722
2598080050
2598096554
2598108831
2598122208
2598136178
2598154788
2598168848
2598185877
2598204800
2598223647
2598237773
2598251293
2598266017
2598286495
2598299978
2598311105
2598324987
2598337465
2598354300
2598371136
2598382833
2598399112
2598417208
2598434453
2598451533
2598465120
2598476499
2598492013
2598503479
2598521390
2598535569
2598552922
2598570882
2598586129
2598602949
2598616555
2598628247
2598646568
2598663377
2598677687
2598696051
2598711328
2598724416
2598739643
2598754187
2598769568
2598787534
2598801190
2598816609
2598831404
2598844043
2598860573
2598874318
2598891217
2598908670
2598925844
2598942632
2598961132
2598974359
2598988690
2599004559
2599019196
2599037139
2599051340
2599064456
2599080692
2599093213
2599104558
2599118103
2599136517
2599155146
2599167346
2599181545
2599197534
2599213584
2599232357
2599247555
2599259693
2599271028
2599286978
2599299421
2599314344
2599325360
2599336988
2599352651
2599369297
2599387907
2599400538
2599413819
2599424953
2599436086
2599449265
2599460346
2599476593
2599492836
2599504606
2599516622
2599528275
2599544232
2599560176
2599571943
2599586075
2599600451
2599613900
2599629311
2599647262
2599660060
2599674657
2599687104
2599702964
2599716384
2599733706
2599751329
2599765749
2599778476
2599795328
2599812397
2599823443
2599837144
2599855898
2599871321
2599888652
2599902751
2599919705
2599938373
2599955094
2599972752
2599988835
2600002673
2600017600
2600032033
2600043410
2600056273
2600069566
2600083587
2600096178
2600117266
2600134909
2600148950
2600163582
2600181552
2600199463
2600215402
2600233824
2600248702
2600267328
2600280586
2600292397
2600306728
2600319367
2600337214
2600350197
2600364124
2600380274
2600397703
2600409141
2600426370
2600442364
2600454739
2600469328
2600487300
2600505856
2600520723
2600535949
2600547174
2600563065
2600578393
2600591217
2600604724
2600622184
2600640976
2600653725
2600667058
2600685572
2600698188
2600709736
2600721627
2600737907
2600749410
2600765770
2600784211
2600794989
2600806168
2600824052
2600839233
2600855136
2600867875
2600878964
2600897579
2600912064
2600925196
2600942813
2600959680
2600977088
2600992305
2601009347
2601025364
2601042437
2601058546
2601070274
2601086101
2601098286
2601114808
2601128678
2601145215
2601158669
2601172248
2601187123
2601203351
2601214501
2601233218
2601246118
2601264486
2601276775
2601293564
2601307555
2601320932
2601335175
2601346674
2601360885
2601371786
2601387088
2601404746
2601420541
2601432278
2601451133
2601464644
2601482428
2601493286
2601509209
2601522618
2601535903
2601554338
2601566093
2601579259
2601597497
2601609261
2601622490
2601638622
2601656765
2601669164
2601681389
2601692254
2601706876
2601720824
2601732070
2601748677
2601764375
2601780183
2601798727
2601813607
2601826549
2601837910
2601852069
2601865570
2601880032
2601894540
2601908877
2601926939
2601945517
2601962631
2601973541
2601985017
2601999369
2602014659
2602025727
2602043913
2602060100
2602071517
2602088185
2602100924
2602116388
2602129564
2602144358
2602162021
2602180899
2602193112
2602207418
2602221977
2602238925
2602256137
2602267808
2602284009
2602298268
2602316494
2602329053
2602344906
2602361769
2602375673
2602388880
2602401108
2602418473
2602433496
2602452294
2602465985
2602477684
2602495850
2602510599
2602522497
2602538401
2602551987
2602568592
2602583874
2602595325
2602609647
2602626132
2602636955
2602649159
2602664120
2602676792
2602694543
2602712470
2602730067
2602741214
2602755677
2602767866
2602785720
2602803597
2602821294
2602839111
2602852661
2602869349
2602880448
2602897283
2602913712
2602926597
2602939896
2602951468
2602962689
2602978798
2602996214
2603011222
2603026609
2603039835
2603056086
2603074380
2603093065
2603105975
2603122048
2603133322
2603148697
2603166637
2603177789
2603195421
2603214074
2603232677
2603248505
2603261818
2603275606
2603289819
2603302134
2603320108
2603337644
2603353329
2603368003
2603380790
2603399255
2603413006
2603425281
2603444360
2603460619
2603478753
2603493516
2603506826
2603518338
2603532852
2603549067
2603562017
2603573901
2603588082
2603605913
2603616800
2603630231
2603646293
2603657104
2603673174
2603685125
2603703674
2603719900
2603731066
2603744490
2603756657
2603769214
2603783951
2603795911
2603806852
2603822525
2603837710
2603852332
2603870294
2603887836
2603903352
2603915118
2603932033
2603950587
2603962786
2603974826
2603989004
2604003102
2604013982
2604027171
2604037947
2604054004
2604066347
2604079624
2604094677
2604106175
2604120337
2604132808
2604149161
2604165553
2604182577
2604199079
2604212374
2604223779
2604238248
2604249523
2604267972
2604286473
2604304819
2604319134
2604333160
2604346160
2604361523
2604378001
2604393184
2604408712
2604427037
2604438893
2604453641
2604467301
2604482915
2604494898
2604513270
2604530952
2604543635
2604558114
2604570907
2604589761
2604607112
2604623305
2604640501
2604653097
2604670820
2604687393
2604699014
2604717003
2604733981
2604751684
2604769998
2604783160
2604798753
2604816340
2604830988
2604844465
2604861771
2604877586
2604892270
2604907725
2604924281
2604937615
2604952621
2604964978
2604977500
2604995312
2605014164
2605031938
2605042882
2605054835
2605069143
2605082694
2605094156
2605110022
2605123784
2605140979
2605153782
2605167197
2605182590
2605194948
2605209495
2605227579
2605240410
2605258827
2605275949
2605292981
2605306128
2605323763
2605340957
2605355836
2605370312
2605382480
2605394714
2605410801
2605426106
2605438997
2605456224
2605468541
2605485642
2605503480
2605515228
2605533962
2605548002
2605566454
2605581766
2605597361
2605615473
2605630148
2605642350
2605660546
2605678645
2605694221
2605705469
2605721619
2605739581
2605750753
2605766767
2605783986
2605798834
2605816677
2605827834
2605841758
2605853667
2605866335
2605883851
2605899970
2605911161
2605925605
2605937807
2605949859
2605962375
2605979178
2605995326
2606010075
2606021017
2606032769
2606045554
2606063987
2606076983
2606092156
2606109697
2606121253
2606138313
2606154090
2606169209
2606181455
2606196157
2606210953
2606226048
2606242118
2606257599
2606276319
2606294749
2606309366
2606322549
2606339940
2606355300
2606371312
2606383138
2606398299
2606414752
2606430021
2606441664
2606454400
2606466933
2606484056
2606495668
2606509472
2606526855
2606541783
2606555573
2606569970
2606584899
2606601124
2606614778
2606628708
2606644761
2606659659
2606676408
2606690994
2606707062
2606721427
2606736903
2606748877
2606765891
2606781009
2606797032
2606815531
2606829043
2606845699
2606860210
2606876784
2606893673
2606905210
2606923416
2606937360
2606954918
2606970400
2606986593
2607004267
2607021897
2607034478
2607045535
2607060125
2607070948
2607087433
2607098943
2607117429
2607128343
2607147159
2607158187
2607168944
2607182146
2607195486
2607208418
2607221585
2607233389
2607249135
2607266728
2607281721
2607294563
2607312944
2607330491
2607346043
2607364503
2607380171
2607398146
2607416734
2607429218
2607444963
2607462796
2607476166
2607494827
2607511473
2607523130
2607538972
2607555461
2607572334
2607589137
2607602470
2607615225
2607628147
2607642716
2607659396
2607675199
2607689396
2607706065
2607723027
2607734942
2607747457
2607761994
2607780187
2607796455
2607813910
2607828841
2607842033
2607856380
2607871098
2607882132
2607897265
2607913603
2607927212
2607943789
2607957420
2607972461
2607988895
2608005848
2608023051
2608037068
2608052431
2608069413
2608086972
2608103543
2608118971
2608131065
2608147945
2608166211
2608183204
2608198096
2608215088
2608228316
2608244395
2608262694
2608274837
2608289862
2608307077
2608318028
2608334249
2608352188
2608370475
2608381944
2608393044
2608409822
2608426814
2608437861
2608449044
2608463293
2608481342
2608492361
2608506339
2608520079
2608539586
2608555780
2608566960
2608585466
2608599972
2608618458
2608633624
2608647444
2608659621
2608671558
2608682721
2608694423
2608707055
2608723998
2608741970
2608756796
2608768161
2608786554
2608798619
2608815383
2608827252
2608843917
2608857708
2608872453
2608890379
2608904967
2608922944
2608938637
2608951004
2608968813
2608980366
2608994099
2609010110
2609021810
2609039734
2609053690
2609070606
2609088893
2609104016
2609116005
2609129371
2609144493
2609160397
2609177968
2609189743
2609204598
2609217710
2609231318
2609246477
2609262658
2609279940
2609294631
2609309824
2609320932
2609336232
2609349535
2609365452
2609381528
2609399375
2609418127
2609431389
2609448890
2609465063
2609479585
2609494325
2609511414
2609524707
2609541548
2609558211
2609570798
2609586630
2609597502
2609608313
2609623900
2609637049
2609655654
2609673620
2609689976
2609703398
2609719754
2609737257
2609750822
2609768145
2609785084
2609803216
2609815001
2609827969
2609845150
2609863226
2609880793
2609896280
2609911093
2609929081
2609942345
2609958101
2609969962
2609983574
2609998536
2610017422
2610029298
2610042911
2610060251
2610075087
2610086599
2610102498
2610113314
2610125803
2610141753
2610156652
2610174334
2610191206
2610202278
2610213107
2610228556
2610240965
2610254602
2610267890
2610281436
2610300227
2610318052
2610330884
2610343917
2610359907
2610373847
2610388328
2610403238
2610414511
2610429179
2610440686
2610455077
2610473011
2610488412
2610505401
2610523520
2610541977
2610554606
2610569702
2610583229
2610598893
2610616050
2610633593
2610652284
2610666600
2610681488
2610699520
2610712092
2610728885
2610740112
2610755263
2610768291
2610781095
2610799011
2610814215
2610825020
2610839897
2610851725
2610868687
2610883849
2610901890
2610920130
2610937611
2610953987
2610967911
2610984167
2610996193
2611011112
2611028598
2611042863
2611059911
2611074974
2611090277
2611106850
2611123285
2611134118
2611149788
2611164742
2611175701
2611189192
2611199973
2611216834
2611235578
2611250412
2611262394
2611277636
2611290581
2611304608
2611321520
2611333296
2611346080
2611362937
2611375051
2611390916
2611407993
2611425239
2611437292
2611450741
2611463862
2611476345
2611493289
2611511554
2611524970
2611538092
2611552753
2611565561
2611581017
2611595352
2611608486
2611623818
2611642753
2611659453
2611673397
2611686616
2611699607
2611718465
2611731066
2611742396
2611753210
2611766992
2611785166
2611802717
2611815611
2611831121
2611847289
2611862703
2611875673
2611894397
2611909024
2611926329
2611943485
2611961956
2611981963
2611995911
2612007653
2612025675
2612040230
2612058151
2612075519
2612090671
2612105385
2612120085
2612132354
2612143160
2612159285
2612177560
2612188761
2612200123
2612217733
2612235415
2612249099
2612260738
2612278926
2612293101
2612305350
2612318252
2612332850
2612346626
2612358551
2612371348
2612390071
2612401272
2612414504
2612433102
2612446397
2612461844
2612478091
2612496027
2612510191
2612527520
2612541849
2612554887
2612571919
2612586441
2612598351
2612613589
2612631905
2612642956
2612656689
2612669483
2612682708
2612698048
2612711536
2612725843
2612740098
2612755921
2612770566
2612786943
2612805663
2612818951
2612836562
2612853917
2612868024
2612879207
2612891800
2612908971
2612924281
2612940000
2612955174
2612967799
2612979902
2612998118
2613009203
2613028106
2613041509
2613053976
2613072359
2613086053
2613102822
2613120818
2613137179
2613151366
2613169004
2613185806
2613202694
2613218149
2613235262
2613246303
2613257891
2613271912
2613288748
2613300238
2613318086
2613331856
2613348632
2613364008
2613377147
2613394301
2613411252
2613428309
2613441697
2613459114
2613471497
2613486385
2613497317
2613514368
2613531139
2613545242
2613559511
2613573959
2613592479
2613606076
2613617636
2613630900
2613646818
2613659895
2613676579
2613692536
2613707091
2613720071
2613738475
2613753800
2613772446
2613790103
2613808974
2613826897
2613839785
2613857530
2613875470
2613892613
2613904895
2613922995
2613935294
2613953143
2613966859
2613980528
2613992680
2614009487
2614022249
2614036251
2614054216
2614069011
2614080459
2614095956
2614114605
2614132818
2614146666
2614165187
2614181544
2614198871
2614213815
2614232080
2614245601
2614260249
2614274114
2614286074
2614299304
2614317857
2614334503
2614349263
2614365909
2614381158
2614396935
2614415795
2614431883
2614445487
2614457720
2614473502
2614489874
2614506876
2614523158
2614535050
2614552425
2614565065
2614579669
2614592464
2614605962
2614623501
2614637191
2614655360
2614668295
2614681402
2614698195
2614712626
2614730746
2614746380
2614761318
2614777328
2614790506
2614807843
2614818652
2614831409
2614847564
2614863139
2614874649
2614888025
2614903029
2614920362
2614935293
2614950312
2614961374
2614973404
2614991071
2615001925
2615012800
2615027537
2615039430
2615057601
2615069980
2615083046
2615098038
2615115629
2615128634
2615141305
2615152216
2615165168
2615184043
2615202148
2615220702
2615235027
2615250849
2615267185
2615283661
2615294622
2615310486
2615321600
2615332770
2615348350
2615366769
2615380115
2615396913
2615414320
2615430361
2615449015
2615463918
2615480058
2615491964
2615512397
2615527007
2615544735
2615559997
2615571533
2615588076
2615600823
2615612140
2615624416
2615641898
2615656416
2615667905
2615683974
2615695956
2615712234
2615725966
2615741895
2615757093
2615774437
2615786706
2615799167
2615810488
2615823359
2615837768
2615852262
2615866112
2615882698
2615898051
2615914342
2615927392
2615940044
2615956189
2615969964
2615983141
2615995926
2616014792
2616030630
2616045296
2616060865
2616072382
2616088096
2616103162
2616115915
2616130402
2616145241
2616158594
2616174448
2616189571
2616207508
2616220749
2616239558
2616256013
2616271211
2616283678
2616302149
2616320170
2616331011
2616346221
2616362532
2616375103
2616392300
2616406012
2616418931
2616433595
2616447829
2616465933
2616483896
2616497421
2616511013
2616525100
2616536859
2616549474
2616564936
2616576955
2616591803
2616609268
2616626304
2616642368
2616659492
2616678297
2616691443
2616709975
2616726384
2616743038
2616755636
2616767891
2616781779
2616794890
2616809281
2616822014
2616837464
2616848586
2616866400
2616880230
2616897343
2616913223
2616930084
2616947618
2616959290
2616974571
2616991725
2617007464
2617024384
2617038644
2617050054
2617065986
2617079711
2617097844
2617112725
2617124600
2617139046
2617152871
2617170889
2617183401
2617202114
2617216181
2617232978
2617243994
2617256456
2617270753
2617286529
2617300884
2617316507
2617328732
2617346218
2617357089
2617373917
2617388100
2617403290
2617414821
2617427113
2617445601
2617461429
2617477764
2617490121
2617508432
2617525479
2617541849
2617560545
2617571889
2617583738
2617600009
2617616479
2617634183
2617651871
2617670457
2617689290
2617700706
2617711774
2617724074
2617738180
2617755231
2617772073
2617788696
2617800278
2617811391
2617824546
2617841711
2617860434
2617878016
2617890721
2617906018
2617917836
2617933506
2617949001
2617960261
2617978312
2617995548
2618012276
2618028606
2618041003
2618055220
2618070286
2618087603
2618105464
2618117422
2618129908
2618144580
2618161250
2618174443
2618186762
2618204646
2618221979
2618235899
2618253698
2618269497
2618283658
2618302248
2618318148
2618333927
2618350104
2618368101
2618383815
2618396583
2618411380
2618429005
2618444616
2618457658
2618473033
2618491195
2618508014
2618523592
2618539389
2618552060
2618567811
2618579858
2618591047
2618605283
2618617156
2618634859
2618648944
2618666583
2618679892
2618692712
2618707178
2618720035
2618738731
2618753626
2618769378
2618786522
2618798411
2618815462
2618832660
2618848531
2618866928
2618883517
2618894636
2618909133
2618925535
2618943790
2618955408
2618968907
2618980749
2618996146
2619013889
2619031542
2619048870
2619064587
2619080918
2619098230
2619116303
2619130804
2619144378
2619155713
2619174013
2619186523
2619200113
2619214635
2619232923
2619244285
2619257679
2619269234
2619288118
2619302455
2619313994
2619326541
2619338808
2619356112
2619367307
2619379663
2619395216
2619410197
2619427938
2619443867
2619456967
2619474145
2619486376
2619499167
2619517066
2619535757
2619548152
2619558913
2619576383
2619593874
2619611655
2619625692
2619638021
2619655893
2619670618
2619683180
2619696672
2619715568
2619734051
2619751870
2619766887
2619780129
2619796541
2619809939
2619826278
2619844938
2619859830
2619875777
2619890777
2619907669
2619923840
2619939159
2619951530
2619963196
2619975400
2619986156
2619998458
2620016858
2620034661
2620052637
2620068098
2620083007
2620100967
2620116928
2620128877
2620143563
2620158430
2620172093
2620190185
2620206306
2620219327
2620231350
2620242781
2620261569
2620272585
2620289975
2620303959
2620322689
2620340421
2620354611
2620371185
2620387155
2620403102
2620416983
2620428764
2620442128
2620458252
2620472818
2620489785
2620507293
2620519260
2620536016
2620553063
2620564885
2620581890
2620596498
2620615385
2620634254
2620646042
2620664272
2620680826
2620691702
2620703098
2620718671
2620730341
2620746072
2620756987
2620770547
2620784172
2620801863
2620816032
2620828644
2620840982
2620858101
2620870866
2620888743
2620902312
2620914454
2620926390
2620941840
2620953640
2620969102
2620980399
2620995803
2621012414
2621029858
2621042532
2621059837
2621077859
2621096007
2621107683
2621125210
2621142338
2621157810
2621169492
2621183008
2621197672
2621209672
2621227525
2621240327
2621255249
2621272769
2621286576
2621299794
2621316323
2621332013
2621345987
2621360968
2621377797
2621388900
2621402224
2621416502
2621430418
2621446749
2621459058
2621471256
2621483466
2621500083
2621514592
2621527276
2621544345
2621556292
2621569546
2621585038
2621602935
2621617065
2621630555
2621642696
2621660034
2621675160
2621691061
2621708053
2621722701
2621735812
2621748985
2621762870
2621777129
2621793768
2621811881
2621828156
2621840687
2621856312
2621871558
2621885204
2621899747
2621915377
2621931066
2621942775
2621960485
2621978290
2621994866
2622012177
2622031114
2622043428
2622060523
2622074484
2622091352
2622106957
2622123658
2622142361
2622154727
2622166739
2622181074
2622198812
2622211913
2622228711
2622241475
2622258574
2622271651
2622289874
2622303759
2622321499
2622334278
2622346067
2622364108
2622378386
2622389202
2622404229
2622418838
2622433437
2622451894
2622469363
2622481634
2622497298
2622513485
2622531083
2622546265
2622557082
2622573880
2622588210
2622605860
2622620440
2622632656
2622643842
2622660810
2622674183
2622687298
2622703762
2622720165
2622739105
2622754415
2622768062
2622778960
2622793475
2622805051
2622819786
2622830688
2622846556
2622857865
2622876766
2622891739
2622907137
2622925698
2622943618
2622960907
2622971984
2622986160
2623004682
2623018977
2623036003
2623047567
2623066188
2623082847
2623100681
2623118583
2623130396
2623145424
2623163378
2623179985
2623197058
2623210479
2623221382
2623239322
2623256021
2623274440
2623288292
2623302844
2623320439
2623334044
2623346411
2623362554
2623377561
2623396362
2623412186
2623427494
2623443814
2623456415
2623474360
2623485317
2623499917
2623512221
2623524120
2623540732
2623559327
2623576001
2623587515
2623605688
2623618927
2623632529
2623645335
2623663456
2623677793
2623691115
2623706819
2623720192
2623733940
2623750090
2623764748
2623782992
2623799308
2623812175
2623827750
2623840432
2623853901
2623864804
2623883282
2623899507
2623917188
2623930778
2623946389
2623958113
2623975180
2623988201
2624000214
2624018043
2624035145
2624046470
2624060373
2624074983
2624087010
2624098843
2624109921
2624124558
2624140539
2624158162
2624169079
2624181174
2624193866
2624209037
2624219823
2624235000
2624252217
2624263302
2624279050
2624296268
2624311752
2624322840
2624336563
2624354068
2624369455
2624380416
2624392440
2624407813
2624425367
2624438109
2624451354
2624462679
2624477211
2624489191
2624506140
2624522609
2624534634
2624547333
2624561580
2624577270
2624594754
2624611665
2624628592
2624647037
2624661159
2624676871
2624688318
2624704938
2624721996
2624733943
2624752205
2624767296
2624778428
2624790409
2624808905
2624825125
2624842203
2624861122
2624877352
2624890212
2624904797
2624918214
2624930470
2624949072
2624962130
2624978034
2624994900
2625012448
2625028360
2625044153
2625059268
2625076750
2625093758
2625104775
2625116182
2625128300
2625146465
2625160998
2625173658
2625185223
2625200118
2625213956
2625227244
2625241604
2625258184
2625272470
2625290980
2625307023
2625319826
2625333598
2625346814
2625364283
2625377847
2625394823
2625409608
2625425044
2625436073
2625452758
2625467937
2625483769
2625495518
2625509185
2625526813
2625542489
2625559902
2625571025
2625585455
2625602885
2625615781
2625628738
2625642378
2625656748
2625674886
2625693491
2625711413
2625726261
2625742721
2625760920
2625772743
2625783638
2625799796
2625810776
2625823335
2625836955
2625853182
2625868389
2625879255
2625891641
2625904754
2625915738
2625929863
2625942635
2625960744
2625973973
2625984756
2626000160
2626016991
2626028263
2626041732
2626056464
2626072417
2626086718
2626099334
2626114233
2626129427
2626147781
2626164660
2626178140
2626190341
2626205046
2626218390
2626230932
2626242517
2626253670
2626268384
2626281082
2626294579
2626307367
2626322583
2626337113
2626354175
2626366479
2626381687
2626395931
2626409269
2626423115
2626440555
2626459191
2626470265
2626482521
2626495815
2626510410
2626523953
2626537935
2626550241
2626568929
2626580877
2626591822
2626604739
2626623100
2626634466
2626650611
2626665377
2626679111
2626697677
2626709576
2626721547
2626737499
2626753933
2626771959
2626783898
2626800047
2626812775
2626829847
2626843687
2626861328
2626872777
2626884803
2626897914
2626910727
2626922953
2626937527
2626949012
2626967364
2626984966
2627002471
2627020260
2627035816
2627047120
2627063867
2627075161
2627092001
2627109520
2627124658
2627142522
2627154223
2627166662
2627183650
2627200570
2627214375
2627229341
2627245952
2627258835
2627272964
2627291086
2627304456
2627320769
2627337746
2627350973
2627367424
2627382325
2627397457
2627416072
2627428706
2627441954
2627453456
2627466956
2627484328
2627501878
2627513236
2627531166
2627545011
2627556421
2627572252
2627584255
2627595450
2627612126
2627630790
2627646687
2627662586
2627681011
2627697127
2627712979
2627725309
2627738386
2627750481
2627768823
2627783606
2627802298
2627817049
2627832336
2627849914
2627861386
2627879389
2627891343
2627909422
2627927633
2627940186
2627953968
2627970198
2627984566
2627999332
2628015589
2628033433
2628049679
2628067977
2628079994
2628092411
2628107465
2628122419
2628135803
2628149115
2628162183
2628176792
2628189840
2628206709
2628219421
2628236398
2628254085
2628266730
2628281548
2628294510
2628306993
2628323363
2628336834
2628350728
2628366673
2628382238
2628397245
2628414527
2628426698
2628437744
2628454181
2628467327
2628482845
2628500903
2628518510
2628532040
2628544099
2628561731
2628576602
2628588683
2628604285
2628616946
2628632192
2628650633
2628662541
2628679540
2628698020
2628710368
2628726089
2628738667
2628754054
2628765595
2628777253
2628794334
2628805680
2628817565
2628832010
2628843781
2628858141
2628869491
2628882625
2628901049
2628916947
2628934341
2628951013
2628966638
2628980408
2628994399
2629008690
2629020435
2629031830
2629050721
2629066468
2629078652
2629092562
2629107431
2629120025
2629130818
2629142667
2629157551
2629170794
2629189173
2629205387
2629218874
2629230666
2629247844
2629265144
2629280561
2629299360
2629312553
2629328441
2629344953
2629362008
2629376915
2629389092
2629406672
2629419036
2629430205
2629444714
2629457823
2629468913
2629481383
2629497836
2629516089
2629535026
2629550954
2629563768
2629580641
2629592704
2629610387
2629623075
2629634177
2629650102
2629664148
2629676220
2629689976
2629707102
2629721171
2629734260
2629751482
2629764489
2629780638
2629799235
2629815658
2629827638
2629842130
2629854555
2629871390
2629887103
2629903007
2629916178
2629932618
2629944762
2629959374
2629978178
2629994587
2630010913
2630029661
2630043842
2630062639
2630080361
2630096482
2630107882
2630119581
2630134277
2630149541
2630165372
2630181035
2630192780
2630206623
2630221116
2630239381
2630251553
2630267937
2630283227
2630297203
2630309348
2630327241
2630344936
2630361514
2630377164
2630392782
2630404481
2630422744
2630437020
2630454669
2630466994
2630482486
2630496615
2630508581
2630524289
2630541719
2630556966
2630572933
2630585104
2630601981
2630615160
2630631872
2630646510
2630660686
2630674067
2630691250
2630704604
2630717939
2630734299
2630746682
2630757926
2630772417
2630785763
2630804228
2630815412
2630832167
2630845234
2630865041
2630880703
2630897859
2630910353
2630929263
2630940367
2630956680
2630974409
2630988393
2631000948
2631014045
2631030977
2631049777
2631061711
2631075526
2631093784
2631105157
2631121113
2631137068
2631148077
2631163358
2631179948
2631195791
2631210519
2631224697
2631239553
2631251633
2631263185
2631274091
2631287702
2631302116
2631317895
2631330923
2631346447
2631359759
2631372717
2631387480
2631398240
2631413720
2631429714
2631440839
2631452203
2631463533
2631474625
2631485585
2631503204
2631521863
2631535728
2631553709
2631568174
2631583259
2631598552
2631615116
2631633078
2631645889
2631659205
2631671171
2631686057
2631701923
2631715753
2631734569
2631746166
2631764026
2631780633
2631792907
2631804589
2631818157
2631830613
2631847940
2631866293
2631883150
2631897040
2631910320
2631922690
2631933444
2631949896
2631963685
2631979813
2631996831
2632015458
2632029201
2632048011
2632058949
2632076022
2632088638
2632104486
2632115716
2632131564
2632146850
2632165363
2632179217
2632197131
2632210413
2632222455
2632239231
2632253464
2632269107
2632282313
2632299086
2632312791
2632327796
2632344983
2632356084
2632371621
2632389523
2632405888
2632422957
2632434557
2632451712
2632465586
2632478208
2632491755
2632506099
2632522653
2632536341
2632554601
2632572489
2632590952
2632604432
2632622110
2632634192
2632653041
2632671361
2632688595
2632700571
2632714758
2632726287
2632739456
2632754797
2632768876
2632785844
2632803512
2632817591
2632830206
2632846442
2632858254
2632872467
2632885098
2632903749
2632916576
2632935137
2632951671
2632967353
2632980020
2632991607
2633003965
2633020511
2633036261
2633051635
2633064686
2633083268
2633100987
2633115258
2633133423
2633150553
2633167271
2633180655
2633194599
2633212771
2633226881
2633239214
2633254651
2633273388
2633288803
2633301059
2633317666
2633335733
2633348279
2633359677
2633371031
2633385018
2633399483
2633417881
2633435027
2633448710
2633463463
2633479757
2633498205
2633509808
2633527994
2633545274
2633559821
2633576464
2633587870
2633605136
2633616183
2633629737
2633647500
2633658979
2633671388
2633687945
2633706724
2633718580
2633731920
2633745636
2633758952
2633774588
2633785596
2633800305
2633812825
2633830976
2633849420
2633861991
2633880060
2633898808
2633910262
2633927760
2633945762
2633962161
2633980527
2633997864
2634012102
2634023113
2634040646
2634058869
2634072822
2634086647
2634103467
2634114922
2634133094
2634146624
2634162525
2634175013
2634189273
2634203063
2634223495
2634240027
2634255414
2634267000
2634283935
2634295581
2634308488
2634327387
2634343632
2634358281
2634376705
2634391969
2634406010
2634417660
2634431101
2634442371
2634460229
2634475964
2634493069
2634503999
2634522386
2634534381
2634551072
2634567105
2634584808
2634598433
2634614435
2634630755
2634646133
2634663231
2634676747
2634693228
2634704193
2634722228
2634737402
2634748350
2634766310
2634784911
2634799880
2634816040
2634828123
2634843911
2634858248
2634874435
2634887846
2634898677
2634912493
2634927346
2634940489
2634954194
2634972296
2634987568
2635005777
2635019324
2635030438
2635042013
2635058986
2635071715
2635083152
2635099501
2635111594
2635126260
2635139764
2635158607
2635177342
2635191679
2635209568
2635222764
2635236607
2635248366
2635265284
2635280257
2635297319
2635310967
2635329799
2635347572
2635365808
2635383360
2635399371
2635411844
2635424889
2635437847
2635449265
2635465261
2635480185
2635495283
2635506628
2635519117
2635533523
2635547544
2635562068
2635577454
2635589643
2635606794
2635620600
2635635654
2635649284
2635667538
2635681402
2635698373
2635712111
2635730122
2635748035
2635766462
2635778858
2635797386
2635812187
2635829172
2635845697
2635859850
2635876567
2635889433
2635902608
2635919755
2635932319
2635944838
2635956838
2635972619
2635987640
2636001402
2636014584
2636032807
2636047726
2636058840
2636073751
2636086808
2636104206
2636115449
2636130203
2636147935
2636163881
2636175690
2636189051
2636200083
2636215349
2636231310
2636248084
2636260015
2636275837
2636292892
2636303838
2636315083
2636327573
2636339598
2636354339
2636368108
2636379453
2636395243
2636406565
2636424259
2636441926
2636453351
2636471262
2636487356
2636501910
2636513055
2636525399
2636537379
2636549737
2636567778
2636580412
2636594159
2636609075
2636626670
2636643209
2636657312
2636668250
2636685668
2636697613
2636716486
2636734488
2636752435
2636764673
2636776741
2636791006
2636806104
2636822316
2636836486
2636850887
2636865558
2636883065
2636896232
2636907206
2636919499
2636932501
2636950788
2636966334
2636978528
2636990661
2637003423
2637018790
2637037424
2637051323
2637064169
2637076684
2637092382
2637107180
2637125395
2637142528
2637155332
2637170275
2637188625
2637205376
2637220542
2637234112
2637245023
2637256266
2637274270
2637292853
2637304734
2637316583
2637329765
2637341546
2637355126
2637371836
2637387276
2637403417
2637418231
2637430566
2637442616
2637455711
2637474425
2637491457
2637508138
2637519546
2637538180
2637550252
2637564377
2637580204
2637591267
2637605638
2637623262
2637636130
2637657624
2637671283
2637682487
2637693319
2637708607
2637720837
2637733397
2637749250
2637763716
2637776712
2637792051
2637810136
2637823741
2637839291
2637854306
2637873215
2637887994
2637903495
2637916680
2637930624
2637945292
2637962117
2637976366
2637993386
2638005135
2638021359
2638032741
2638047870
2638063041
2638081420
2638098941
2638112960
2638127844
2638145505
2638163445
2638179829
2638191486
2638202342
2638219795
2638232612
2638249971
2638266694
2638279589
2638293379
2638308527
2638322321
2638338088
2638352454
2638368572
2638387098
2638403139
2638420415
2638434075
2638451176
2638469278
2638480052
2638497646
2638516533
2638534925
2638546242
2638562194
2638580786
2638595209
2638610024
2638622673
2638635721
2638650036
2638666719
2638683734
2638698728
2638712405
2638727919
2638741405
2638754054
2638768545
2638784636
2638802666
2638817566
2638830966
2638847530
2638859744
2638877770
2638891831
2638904716
2638917818
2638934164
2638946038
2638958894
2638973431
2638990366
2639003612
2639021085
2639039773
2639055598
2639066510
2639080670
2639097855
2639116629
2639130996
2639145073
2639156492
2639174962
2639190820
2639208096
2639223455
2639238215
2639253395
2639270430
2639283646
2639297246
2639308910
2639324213
2639335267
2639349581
2639360757
2639373517
2639389181
2639400357
2639413790
2639428488
2639442651
2639461299
2639474811
2639487648
2639506481
2639519493
2639530960
2639543918
2639560900
2639571775
2639588795
2639605803
2639623378
2639639951
2639657394
2639673388
2639690051
2639706513
2639724739
2639743609
2639757008
2639774077
2639792564
2639805805
2639821307
2639832727
2639846807
2639861494
2639872483
2639886372
2639899938
2639912759
2639927652
2639946575
2639961136
2639973201
2639987728
2639998566
2640013200
2640030245
2640045989
2640064315
2640075555
2640093644
2640105223
2640118335
2640135721
2640150676
2640165768
2640181799
2640196723
2640208927
2640221248
2640237066
2640248765
2640263279
2640274718
2640293449
2640305473
2640321691
2640335034
2640350420
2640361764
2640379203
2640397262
2640411841
2640423211
2640434574
2640445333
2640457616
2640470045
2640485577
2640497848
2640512427
2640526898
2640539479
2640557162
2640569743
2640587926
2640606800
2640620166
2640637323
2640651807
2640670703
2640688045
2640700189
2640713902
2640728521
2640746469
2640763216
2640779433
2640790824
2640805680
2640824420
2640842197
2640858658
2640876302
2640893767
2640906261
2640920619
2640936277
2640948698
2640964338
2640981547
2640994179
2641011249
2641026152
2641039828
2641052552
2641071087
2641088688
2641102970
2641118109
2641130557
2641142163
2641160474
2641178782
2641195050
2641211987
2641224211
2641236401
2641247553
2641264019
2641278686
2641290955
2641309567
2641326125
2641337063
2641351322
2641366113
2641382833
2641394833
2641413470
2641426549
2641443985
2641460133
2641472466
2641486540
2641498474
2641509480
2641526396
2641542635
2641554737
2641572510
2641591281
2641607457
2641620469
2641633372
2641647585
2641660477
2641672219
2641688545
2641703877
2641716367
2641731060
2641749719
2641765299
2641781475
2641793398
2641810160
2641828034
2641845849
2641861978
2641878367
2641890959
2641905268
2641916305
2641927708
2641939237
2641955707
2641969764
2641987428
2642001321
2642020196
2642038729
2642049654
2642066729
2642084124
2642100781
2642112475
2642129484
2642147988
2642161557
2642174351
2642192192
2642208013
2642222268
2642234111
2642249764
2642263186
2642277551
2642294867
2642313454
2642329096
2642346637
2642361072
2642379283
2642397111
2642411542
2642425756
2642443840
2642457233
2642468393
2642484447
2642495745
2642512976
2642530545
2642548013
2642562585
2642576374
2642588194
2642603198
2642615303
2642626130
2642638050
2642651618
2642663384
2642677482
2642688965
2642707462
2642723717
2642740996
2642756047
2642774402
2642786149
2642802813
2642819002
2642831743
2642847105
2642864029
2642881724
2642897277
2642913495
2642925371
2642942170
2642953691
2642967423
2642985901
2643004724
2643017036
2643034412
2643050383
2643066447
2643079487
2643091333
2643104933
2643119654
2643134639
2643151548
2643169705
2643184826
2643197448
2643210000
2643226112
2643244848
2643258155
2643275744
2643291667
2643304409
2643316546
2643332007
2643350156
2643360936
2643372821
2643389343
2643406374
2643423498
2643440704
2643458082
2643471162
2643488075
2643502039
2643516301
2643531638
2643550278
2643565617
2643577515
2643590051
2643602107
2643619236
2643632394
2643646192
2643662728
2643677795
2643689137
2643704203
2643715642
2643733835
2643752422
2643770969
2643785903
2643804177
2643822828
2643835836
2643847559
2643863366
2643878352
2643891926
2643903018
2643916176
2643930785
2643942689
2643955553
2643971786
2643990268
2644007868
2644018636
2644034397
2644047893
2644059980
2644078380
2644094968
2644107040
2644121567
2644136172
2644151376
2644168093
2644182575
2644197498
2644211515
2644226090
2644239468
2644253172
2644268530
2644282705
2644301580
2644313427
2644326322
2644343863
2644359584
2644377630
2644391212
2644409681
2644421669
2644435905
2644445236
2644460040
2644478015
2644496119
2644514828
2644527757
2644536709
2644555071
2644573132
2644585090
2644601703
2644613394
2644628620
2644642316
2644655319
2644668061
2644683437
2644699916
2644717143
2644730734
2644741869
2644755879
2644770272
2644785322
2644803428
2644821687
2644834662
2644852676
2644864414
2644878877
2644897414
2644911340
2644925410
2644942913
2644959637
2644973884
2644989950
2645001157
2645017847
2645032133
2645048686
2645065166
2645083852
2645100781
2645117188
2645134452
2645147922
2645166614
2645183894
2645199395
2645214879
2645232944
2645250495
2645265077
2645281076
2645292783
2645305567
2645322364
2645339567
2645356745
2645371966
2645387498
2645401331
2645416960
2645434942
2645449863
2645464687
2645478548
2645490272
2645505011
2645515991
2645526806
2645542007
2645560726
2645572467
2645583593
2645595204
2645605965
2645620188
2645638780
2645655219
2645666518
2645679273
2645692293
2645706817
2645719018
2645735279
2645752305
2645769620
2645787807
2645805779
2645817788
2645832666
2645851276
2645869292
2645881794
2645900523
2645913746
2645927329
2645940588
2645952599
2645970376
2645984796
2645996888
2646015352
2646026299
2646039498
2646057617
2646075862
2646092956
2646111878
2646129148
2646145031
2646163534
2646180665
2646198808
2646212855
2646224683
2646239083
2646257063
2646271523
2646285567
2646303705
2646320394
2646337588
2646348711
2646363339
2646377125
2646393639
2646404840
2646418984
2646437716
2646454849
2646472119
2646485998
2646501230
2646518239
2646534486
2646548922
2646565177
2646579724
2646592728
2646605908
2646617445
2646630327
2646645753
2646659653
2646675678
2646693940
2646705632
2646722056
2646736420
2646754791
2646772844
2646790162
2646802222
2646814241
2646828947
2646846736
2646862662
2646879083
2646892763
2646906465
2646924487
2646936669
2646947465
2646964386
2646976806
2646988082
2647002159
2647016118
2647033191
2647048573
2647066271
2647083675
2647097686
2647113714
2647129775
2647143929
2647159509
2647173772
2647186958
2647204427
2647222260
2647240330
2647253898
2647266335
2647280652
2647294252
2647309948
2647326136
2647340373
2647354226
2647369517
2647387439
2647399803
2647417151
2647429911
2647440875
2647452959
2647468686
2647487442
2647504546
2647516616
2647530646
2647543733
2647561179
2647572261
2647589561
2647606623
2647618695
2647634036
2647652403
2647669415
2647681628
2647698341
2647713488
2647725837
2647743553
2647754889
2647766628
2647780408
2647798274
2647816344
2647832844
2647846104
2647857701
2647870187
2647883579
2647896126
2647907306
2647928327
2647945865
2647962737
2647979300
2647996025
2648012523
2648025394
2648040695
2648052804
2648065074
2648081658
2648094832
2648110677
2648122046
2648134682
2648150568
2648164515
2648180970
2648192339
2648207793
2648226468
2648244354
2648257406
2648270768
2648285191
2648300114
2648318521
2648333661
2648346102
2648360819
2648379613
2648390792
2648408011
2648421288
2648434512
2648451795
2648468004
2648484929
2648501976
2648516078
2648530623
2648544202
2648557287
2648568572
2648581976
2648599610
2648617913
2648629899
2648642247
2648656565
2648672938
2648687542
2648701400
2648717104
2648734022
2648746603
2648758849
2648771098
2648787293
2648799024
2648814701
2648828853
2648841338
2648859613
2648872850
2648890382
2648905628
2648919792
2648936708
2648955124
2648969769
2648983315
2648995564
2649011026
2649023199
2649039358
2649057430
2649072749
2649087515
2649103607
2649119565
2649133992
2649148559
2649167311
2649180343
2649197377
2649215643
2649233770
2649247932
2649262674
2649281419
2649297217
2649314132
2649325350
2649344250
2649361940
2649380871
2649394557
2649412146
2649423603
2649438129
2649454870
2649469105
2649486569
2649500417
2649519359
2649534929
2649546447
2649558256
2649573632
2649592150
2649610241
2649625080
2649640660
2649657960
2649672281
2649686648
2649700601
2649714982
2649733062
2649749528
2649765428
2649776436
2649789028
2649801607
2649812654
2649826821
2649838543
2649851399
2649867746
2649880726
2649894779
2649909862
2649922968
2649940237
2649952977
2649964159
2649978315
2649994323
2650006009
2650022108
2650038269
2650049183
2650067405
2650083208
2650095408
2650109992
2650126461
2650144767
2650155976
2650172301
2650188892
2650204883
2650218607
2650232168
2650249219
2650264106
2650277647
2650292206
2650309192
2650327333
2650340395
2650353703
2650372510
2650391380
2650405372
2650421680
2650439263
2650454812
2650466951
2650478003
2650490720
2650507317
2650523817
2650535636
2650553274
2650564050
2650575280
2650592163
2650603683
2650618829
2650636410
2650647595
2650664216
2650677362
2650694187
2650707228
2650718336
2650735908
2650747913
2650764845
2650778095
2650795920
2650810380
2650823869
2650839719
2650857042
2650868689
2650886107
2650902601
2650916129
2650934948
2650948549
2650966300
2650982432
2650999354
2651011911
2651025040
2651036798
2651048378
2651063187
2651078652
2651093289
2651105281
2651119670
2651135883
2651148330
2651161375
2651180048
2651197826
2651213518
2651230963
2651246855
2651264116
2651280226
2651293500
2651306365
2651319450
2651338294
2651352540
2651371140
2651387260
2651399913
2651414566
2651434958
2651445811
2651458635
2651471199
2651482890
2651501317
2651513140
2651529473
2651546572
2651562443
2651576219
2651591833
2651608581
2651620397
2651634708
2651651173
2651665587
2651683443
2651699472
2651715151
2651728545
2651746400
2651761391
2651772941
2651786609
2651801153
2651817987
2651828854
2651846861
2651859511
2651876254
2651890718
2651904670
2651919651
2651934746
2651946710
2651959486
2651972564
2651986674
2651999380
2652014937
2652025870
2652044306
2652059828
2652072394
2652085280
2652097568
2652116406
2652130438
2652141539
2652155561
2652172735
2652183698
2652198960
2652215834
2652229702
2652243041
2652261255
2652272743
2652287263
2652305875
2652317368
2652333110
2652344354
2652359173
2652377263
2652392127
2652402933
2652419261
2652430643
2652447064
2652462839
2652476378
2652493286
2652507799
2652521521
2652537279
2652549361
2652567696
2652578842
2652593425
2652612107
2652630920
2652646072
2652663909
2652680243
2652696803
2652707707
2652724577
2652741382
2652755701
2652772458
2652789807
2652807199
2652818621
2652829569
2652844944
2652862593
2652883816
2652897920
2652914455
2652929122
2652946391
2652957559
2652974447
2652987492
2653002290
2653015285
2653029897
2653044743
2653056062
2653068159
2653084971
2653101825
2653114272
2653125991
2653142675
2653155906
2653171155
2653188289
2653205964
2653218534
2653232859
2653247969
2653264831
2653279533
2653291743
2653306543
2653323896
2653336499
2653348763
2653363823
2653375842
2653387042
2653403044
2653421660
2653439801
2653454537
2653471928
2653488258
2653505233
2653521866
2653534778
2653552832
2653570850
2653588449
2653603724
2653617409
2653628964
2653641726
2653657803
2653668914
2653685918
2653701809
2653713368
2653726444
2653739531
2653756646
2653767997
2653786822
2653804926
2653818830
2653834365
2653846987
2653860902
2653879172
2653894385
2653905495
2653923931
2653935136
2653950019
2653967133
2653985233
2653997200
2654009506
2654021716
2654035310
2654050862
2654067404
2654082575
2654094723
2654113411
2654129600
2654147760
2654160000
2654174538
2654187104
2654198929
2654214586
2654229779
2654246404
2654258006
2654273985
2654289861
2654300868
2654318046
2654330864
2654345936
2654356915
2654372927
2654384203
2654399419
2654412821
2654429289
2654444516
2654458158
2654475682
2654491424
2654502940
2654516766
2654531574
2654542951
2654559550
2654575824
2654589049
2654607674
2654620884
2654636195
2654648456
2654666117
2654677350
2654697242
2654709784
2654721008
2654735607
2654752089
2654768564
2654783063
2654794289
2654813115
2654827201
2654843920
2654855446
2654873320
2654889582
2654906553
2654918682
2654934257
2654953052
2654965255
2654983182
2655000639
2655013190
2655026477
2655039422
2655056319
2655071585
2655082961
2655101067
2655117014
2655129734
2655140840
2655153323
2655171779
2655185356
2655199040
2655217249
2655229454
2655246514
2655257379
2655271852
2655290146
2655306287
2655322548
2655336996
2655354948
2655371116
2655383785
2655395817
2655409293
2655420860
2655432623
2655448607
2655461002
2655479490
2655492718
2655507771
2655524325
2655542578
2655554221
2655566982
2655582603
2655598638
2655610721
2655623193
2655636134
2655653778
2655668240
2655684908
2655703196
2655721216
2655733505
2655752312
2655770952
2655789291
2655805691
2655821348
2655836662
2655848327
2655859560
2655876498
2655892440
2655906952
2655920799
2655932941
2655945037
2655959300
2655976256
2655989769
2656001436
2656020261
2656031812
2656047335
2656061092
2656077536
2656093434
2656109749
2656128423
2656139377
2656154040
2656167570
2656184059
2656201820
2656213773
2656227920
2656239861
2656252995
2656265723
2656281271
2656292999
2656307046
2656324706
2656341431
2656360079
2656375582
2656386398
2656405072
2656422175
2656436247
2656452239
2656467010
2656484321
2656497764
2656514233
2656525822
2656537714
2656550905
2656563390
2656574843
2656588483
2656603505
2656619647
2656630435
2656642833
2656655014
2656668655
2656682367
2656697424
2656710302
2656727235
2656744094
2656756793
2656769888
2656786108
2656798931
2656809826
2656822600
2656840193
2656853584
2656867191
2656881954
2656898695
2656912227
2656928213
2656944214
2656962200
2656973112
2656984993
2656996698
2657013591
2657030225
2657043464
2657061569
2657077766
2657092076
2657106926
2657122360
2657138974
2657150695
2657163319
2657179154
2657194629
2657211662
2657230581
2657244135
2657256292
2657274820
2657288978
2657303591
2657314377
2657329313
2657347566
2657364799
2657380625
2657397343
2657415530
2657427986
2657446639
2657458935
2657475998
2657488818
2657501948
2657515800
2657530397
2657546283
2657565038
2657578106
2657592078
2657606241
2657625047
2657642725
2657661252
2657672813
2657686076
2657699924
2657717953
2657735828
2657749548
2657764935
2657778246
2657792839
2657810753
2657826900
2657844032
2657857985
2657874739
2657892083
2657905578
2657923675
2657935535
2657953934
2657965419
2657980534
2657998387
2658011633
2658027727
2658039615
2658051627
2658069187
2658083741
2658102392
2658120619
2658132629
2658147022
2658164975
2658178221
2658191330
2658205908
2658222437
2658238793
2658257143
2658269599
2658288288
2658306664
2658320398
2658334063
2658350566
2658363827
2658381544
2658397605
2658415591
2658427025
2658444608
2658462236
2658473474
2658492194
2658504098
2658516648
2658528327
2658542994
2658560865
2658573150
2658586130
2658601553
2658617577
2658635613
2658652467
2658666044
2658679185
2658695637
2658713203
2658727178
2658745112
2658760641
2658776487
2658793378
2658805150
2658817343
2658834438
2658852062
2658867035
2658877819
2658895462
2658907974
2658919072
2658935944
2658947386
2658962223
2658976592
2658990669
2659006550
2659021362
2659037066
2659052518
2659065287
2659079137
2659094190
2659109564
2659127786
2659144865
2659160540
2659178528
2659194826
2659210880
2659228004
2659240753
2659254573
2659268900
2659285016
2659301219
2659314207
2659326536
2659337715
2659349676
2659365601
2659377801
2659390430
2659403100
2659417203
2659435309
2659446173
2659463369
2659478680
2659495864
2659511442
2659526802
2659542259
2659555703
2659570180
2659582685
2659600237
2659617267
2659633724
2659647372
2659661429
2659676817
2659691283
2659707717
2659720444
2659731549
2659749405
2659767593
2659780653
2659797097
2659809370
2659823595
2659842256
2659859930
2659875880
2659891580
2659905725
2659922157
2659933695
2659947834
2659965787
2659976780
2659988565
2660007003
2660025635
2660036742
2660055316
2660069481
2660081419
2660097127
2660112150
2660129207
2660140273
2660157820
2660169070
2660180034
2660193174
2660210595
2660223008
2660241774
2660255225
2660269279
2660284643
2660297387
2660309022
2660326397
2660342825
2660361585
2660378575
2660393336
2660411548
2660423114
2660441088
2660452693
2660464282
2660475386
2660488778
2660502889
2660515789
2660529389
2660540871
2660556076
2660572111
2660587048
2660604883
2660623289
2660636555
2660647864
2660666340
2660684756
2660700907
2660718163
2660730614
2660746170
2660758845
2660769933
2660787838
2660804260
2660815355
2660834019
2660852028
2660868610
2660884794
2660903732
2660917610
2660929688
2660943477
2660960963
2660978318
2660995339
