34472148
34502850
34533272
34553971
34573772
34606051
34634913
34660708
34693304
34745889
34777583
34796040
34827498
34853589
34884863
34913057
34931409
34958835
34976395
35031588
35056564
35087517
35115989
35136056
35162497
35193221
35211807
35232533
35251292
35301751
35323756
35342068
35367472
35396812
35426337
35458397
35491150
35509460
35541026
35590857
35612536
35636215
35653227
35672370
35698281
35728046
35747562
35777950
35799411
35855397
35887238
35906990
35932598
35959896
35990250
36009555
36036669
36055184
36081192
36132863
36150890
36180643
36209297
36229337
36260647
36292113
36320022
36339960
36394186
36413128
36432324
36448777
36476284
36508758
36539124
36557441
36581604
36609685
36652316
36681957
36705397
36735390
36754371
36772939
36797350
36821467
36846181
36873870
36926958
36945622
36973818
37003339
37021236
37041580
37058412
37075531
37101653
37119038
37168725
37193196
37211780
37235376
37266052
37289145
37318730
37345745
37365513
37397821
37443466
37466465
37483274
37514471
37546849
37568219
37588045
37605649
37625676
37651267
37703050
37722317
37748755
37766796
37798220
37825550
37857840
37877344
37895340
37922896
37969223
37988186
38007148
38032949
38052432
38069244
38091891
38110669
38136369
38193743
38211360
38234585
38256287
38284183
38306024
38331336
38350996
38371723
38404138
38448891
38471401
38492561
38524509
38555072
38582393
38605397
38637069
38666342
38684220
38730975
38753849
38785992
38809571
38828115
38854954
38885659
38903901
38933168
38962832
39008062
39040121
39070399
39091030
39108687
39132389
39159484
39186229
39210897
39241602
39284088
39301828
39327830
39359108
39382476
39414131
39432360
39460453
39485877
39510192
39566710
39588373
39617635
39635481
39666719
39683749
39712060
39735438
39766256
39785048
39835252
39858610
39876088
39908055
39939487
39961982
39984239
40005380
40032031
40081422
40100245
40120978
40137433
40159815
40181522
40201190
40228718
40275001
40300507
40319622
40348736
40379221
40402198
40433159
40450048
40469941
40488937
40538931
40571427
40595979
40622980
40655193
40687472
40709926
40733847
40761748
40792526
40843253
40862694
40880593
40911847
40943403
40966499
40993119
41011206
41027994
41049555
41098903
41115588
41140978
41167051
41184501
41203473
41235933
41255395
41282042
41301828
41351479
41369767
41391888
41423922
41447385
41468979
41500417
41523571
41544894
41565646
41612252
41633528
41655730
41677229
41706997
41734366
41751632
41776050
41793463
41814362
41864131
41890950
41917445
41941628
41969418
41995128
42020379
42041702
42069461
42112937
42139087
42157302
42182740
42209738
42242222
42274266
42306735
42330126
42350394
42395333
42421868
42449849
42472130
42501557
42532958
42554679
42581607
42610959
42629145
42687382
42716838
42745104
42767243
42790832
42810483
42842015
42872283
42893809
42918689
42960919
42985003
43009061
43041564
43072266
43092475
43120909
43138343
43167199
43194516
43243626
43263296
43291448
43318100
43341472
43361980
43384988
43417330
43439142
43465592
43511876
43535985
43555584
43577005
43596981
43619573
43650491
43669733
43689524
43715218
43761961
43784390
43810974
43836134
43859068
43881808
43904657
43933118
43950637
43969668
44025092
44052003
44078341
44104376
44128906
44148047
44169927
44189953
44211660
44229749
44276860
44293880
44316190
44348543
44369613
44395744
44423098
44444764
44462976
44487171
44539851
44559452
44582201
44601231
44617618
44639633
44664296
44687557
44707454
44739281
44791040
44809137
44828899
44845497
44868593
44886839
44910386
44937186
44955271
44978440
45031205
45059021
45085578
45104522
45124338
45156608
45185644
45207403
45230145
45254636
45298049
45325959
45351999
45371311
45395281
45422916
45454259
45484477
45509444
45534292
45576726
45594239
45618871
45637087
45656943
45686969
45710380
45738699
45756709
45810362
45834591
45854267
45886635
45905432
45935362
45957457
45975012
46005828
46032047
46080789
46111962
46143511
46166121
46196553
46217859
46239457
46271597
46295753
46314348
46361958
46390399
46415377
46441744
46474282
46506079
46537084
46554384
46573423
46600523
46648540
46670370
46698163
46724286
46741746
46758392
46788082
46816665
46837785
46867357
46925000
46943400
46972057
47003737
47033633
47050730
47081393
47108267
47140362
47161692
47210164
47231888
47254723
47277284
47300884
47317627
47337513
47363616
47389002
47407060
47454087
47485636
47506335
47538617
47561444
47579767
47602653
47630947
47662191
47681755
47728038
47749119
47774271
47806395
47823852
47855140
47885182
47913246
47945710
47974539
48030071
48062010
48079476
48101146
48131597
48153342
48182955
48211417
48238717
48256078
48307935
48329641
48359069
48384228
48409313
48432908
48461852
48480521
48508379
48540448
48595976
48620663
48642986
48674239
48691085
48712158
48737854
48755110
48782231
48807999
48865525
48885791
48915418
48940441
48970666
48998988
49028408
49058004
49076204
49102114
49155685
49185007
49216553
49237441
49254025
49273635
49290699
49308820
49333604
49357192
49401788
49421448
49439380
49459599
49483936
49504736
49525457
49542664
49563880
49615611
49643271
49670926
49699757
49724921
49750593
49769315
49788810
49808840
49828480
49876110
49899418
49920634
49951892
49974534
50001210
50023727
50050689
50076383
50094971
50147423
50166903
50190712
50215090
50237135
50264373
50292299
50323426
50339822
50368547
50419140
50450217
50473693
50505815
50529707
50547407
50564986
50590724
50621110
50644665
50693988
50711218
50733946
50753603
50770153
50790060
50810039
50829011
50850103
50869329
50921197
50947642
50977326
50999814
51017489
51043692
51063235
51093846
51111036
51140559
51194698
51215446
51232018
51248413
51280741
51299695
51321390
51348485
51369692
51398496
51453509
51482719
51508509
51526274
51554354
51573442
51600033
51624097
51654939
51676526
51726874
51757652
51779414
51806601
51831949
51855784
51872638
51901325
51920255
51952869
51996225
52015467
52033091
52050291
52072543
52102651
52130831
52148224
52169335
52200322
52250727
52272057
52291546
52316884
52335997
52365073
52395552
52425165
52445970
52472682
52528096
52546007
52574682
52596153
52621600
52643274
52673977
52695814
52719157
52763817
52793440
52813951
52845655
52874624
52903817
52926874
52943818
52972402
52999120
53042720
53072689
53103028
53119799
53149255
53180171
53202780
53222402
53239453
53261951
53315470
53333956
53350422
53374192
53392393
53421547
53442248
53463773
53487005
53506964
53549819
53581601
53610051
53633298
53651277
53669675
53693388
53724185
53746167
53776229
53820969
53846920
53868464
53886764
53918453
53950134
53969333
53996672
54023641
54054870
54107725
54132308
54154325
54185084
54215331
54242737
54272948
54299242
54329747
54346839
54390005
54422255
54441819
54462890
54483362
54505805
54529972
54556708
54583700
54610065
54663821
54684527
54715835
54740573
54766396
54794593
54825115
54849200
54880414
54907782
54960914
54992386
55023716
55054565
55077528
55097354
55128650
55159907
55176649
55195964
55253944
55272732
55292582
55311355
55337896
55362922
55384984
55411157
55430592
55450699
55493026
55516302
55539498
55564450
55594913
55617453
55647417
55665925
55698120
55716940
55764033
55782145
55812740
55832097
55859457
55879346
55898486
55928012
55944481
55962534
56012688
56029642
56049303
56080972
56098123
56122757
56155455
56180862
56208802
56231469
56279353
56303525
56335153
56355649
56378093
56400230
56431310
56451892
56473686
56492493
56536067
56568236
56589186
56621624
56649023
56679951
56706494
56723008
56740399
56791747
56810811
56841655
56865123
56891458
56909052
56934706
56957191
56986071
57007737
57058910
57085493
57115420
57142481
57170339
57195262
57225134
57250646
57270245
57287169
57345479
57369880
57390261
57418053
57446278
57470178
57489091
57509661
57540936
57562693
57606104
57633937
57661773
57685261
57703892
57722693
57747856
57779220
57803718
57824472
57871929
57898297
57914920
57935337
57962824
57992129
58018485
58047873
58076983
58099659
58157050
58181800
58206798
58239128
58256598
58282924
58310164
58328179
58355424
58378863
58437055
58459305
58485037
58515148
58544743
58575326
58606875
58633084
58649947
58669638
58718460
58746259
58777800
58804366
58827024
58855214
58873314
58905001
58930487
58951447
59008254
59035673
59064661
59088230
59112730
59144775
59167688
59200435
59230279
59260022
59316518
59346753
59370414
59389110
59420034
59437458
59458933
59480383
59498842
59524481
59578580
59609011
59633816
59665029
59691886
59720389
59747700
59774334
59804859
59830491
59880975
59908389
59925945
59944945
59967925
59999448
60028624
60048377
60080336
60106395
60158134
60176274
60198853
60221381
60245363
60263194
60279888
60304088
60330359
60378016
60403243
60428031
60447583
60464130
60487534
60514055
60537950
60556475
60584336
60637059
60668455
60699253
60716756
60747067
60771802
60788660
60816957
60842509
60859208
60906213
60934468
60963909
60982573
61003453
61032552
61064978
61081692
61114094
61146710
61197749
61215414
61235131
61260814
61290948
61320020
61347653
61372626
61402443
61431678
61476812
61502980
61521745
61541050
61565414
61594221
61623510
61645620
61666156
61690051
61746822
61767388
61786566
61807514
61832007
61855678
61884414
61911614
61935668
61962797
62011826
62033960
62063027
62080029
62112240
62129612
62154069
62186159
62208587
62228123
62278140
62307897
62333850
62360708
62393359
62423297
62443314
62474551
62501576
62526807
62570379
62591261
62614061
62631973
62652758
62681711
62712890
62743145
62769035
62791834
62838552
62869540
62901735
62933388
62962675
62989109
63015668
63035979
63060449
63081138
63131405
63149598
63179160
63205603
63229013
63254007
63273998
63304458
63331931
63362193
63412126
63437107
63459801
63481012
63500119
63521876
63546929
63573902
63591454
63621110
63674250
63693744
63723502
63745400
63773701
63792362
63824653
63851939
63873699
63897715
63952030
63983073
64012036
64029632
64050685
64068340
64091347
64111912
64134873
64152179
64208571
64237686
64266552
64287090
64317217
64348956
64376939
64400104
64416518
64474421
64497524
64525636
64556465
64575463
64606244
64633603
64663910
64682389
64708814
64763854
64790717
64817969
64836615
64869345
64893239
64918977
64948780
64981390
65011489
65067140
65084391
65112342
65131202
65155757
65175623
65194989
65220429
65239831
65260768
65306793
65330027
65358977
65384169
65402302
65428103
65449845
65482358
65514403
65532065
65580931
65612786
65637315
65658965
65682070
65700376
65718533
65737388
65754766
65776635
65833698
65860143
65878082
65910178
65936332
65965358
65992831
66014860
66031856
66059785
66116488
66140029
66162815
66183477
66210586
66230709
66256905
66278308
66300692
66325560
66368418
66388475
66412293
66433555
66451290
66474889
66494012
66517623
66540962
66562336
66614976
66638152
66666581
66697295
66723557
66740073
66763055
66785349
66811138
66834102
66886373
66908744
66937821
66964740
66995156
67012726
67034310
67059720
67087568
67105241
67155593
67175282
67203848
67234138
67262082
67291208
67323658
67340537
67362327
67385746
67427868
67457998
67479097
67509236
67536851
67563779
67581667
67607034
67632815
67662163
67708944
67737547
67762344
67790075
67818882
67840937
67867475
67892924
67913023
67957309
67977422
67997564
68018277
68050445
68078365
68099797
68126206
68150437
68173589
68228538
68258448
68284323
68301398
68332951
68361723
68383830
68406088
68427879
68446569
68493008
68516068
68536915
68556227
68578993
68608126
68640373
68665454
68691256
68722353
68775440
68798593
68826937
68847087
68871124
68901950
68921320
68946339
68964824
68995326
69047025
69073248
69090945
69108087
69127236
69146359
69168588
69191741
69217818
69242494
69300557
69318635
69343048
69364375
69389666
69417534
69446068
69473937
69503617
69521021
69572612
69600093
69627470
69659661
69684514
69705350
69737588
69765979
69797931
69829457
69873103
69890852
69922216
69947256
69968911
69988155
70011353
70033302
70057833
70078494
70130670
70152206
70181705
70198499
70221772
70247090
70274590
70301544
70332119
70352479
70402404
70426682
70454458
70485324
70508803
70536331
70555345
70574103
70606559
70626647
70681968
70703030
70727607
70746894
70764548
70789691
70809857
70829075
70853935
70879270
70930821
70956775
70979847
71006384
71025577
71056103
71077029
71109712
71137867
71156965
71201738
71220931
71244073
71262243
71292975
71317661
71336324
71359293
71390695
71409606
71451915
71470549
71493445
71513936
71545195
71575744
71605673
71625922
71643806
71696620
71720733
71745185
71769615
71786974
71816850
71842913
71875190
71894010
71911751
71958827
71989575
72019663
72038870
72060963
72077774
72105327
72130489
72147855
72166250
72220911
72248652
72266262
72298607
72331078
72362407
72391984
72414965
72433049
72464514
72514249
72533635
72558267
72589775
72618965
72647035
72665232
72691046
72723079
72749662
72801090
72833814
72865575
72895977
72920438
72943029
72960687
72989365
73015566
73039615
73085530
73116946
73140463
73169051
73190520
73218081
73239306
73259715
73284339
73306046
73360254
73378867
73403332
73433244
73463986
73480969
73508338
73534593
73563755
73581420
73627611
73648704
73672871
73703771
73729156
73755732
73787943
73809413
73834948
73851719
73899116
73922650
73946832
73972536
74000615
74025873
74054763
74072152
74091948
74112144
74159118
74181716
74208604
74230152
74249397
74277472
74298708
74327952
74358417
74384041
74436255
74461223
74492564
74524529
74545223
74571973
74600505
74622374
74644648
74673331
74728715
74759261
74782941
74800604
74830402
74853665
74877037
74897098
74928465
74950962
75006046
75038630
75061209
75090563
75107272
75124547
75148248
75165021
75197122
75219039
75271766
75302317
75334006
75360955
75379226
75398852
75427970
75450183
75480386
75532574
75549956
75571063
75588963
75614239
75638742
75657694
75681460
75709802
75740771
75790395
75819082
75842929
75871947
75892928
75910388
75927102
75943865
75973777
75997494
76047343
76075537
76094899
76121036
76142889
76161032
76189475
76210968
76240313
76267540
76316240
76337877
76361266
76381800
76401809
76427848
76445245
76467678
76497143
76529158
76578965
76597775
76626617
76648396
76681000
76712412
76738163
76766035
76788374
76805289
76851358
76878593
76908603
76937431
76969251
76998078
77023924
77054042
77084926
77117644
77175759
77194202
77222577
77254065
77277578
77309272
77335147
77363191
77394271
77410819
77460958
77478921
77496228
77521337
77549828
77575184
77601089
77628087
77650783
77682491
77733864
77760716
77779985
77800330
77817544
77843507
77864359
77881909
77901926
77933687
77979185
78006064
78025286
78056378
78073304
78102361
78121982
78143744
78170794
78196332
78239376
78258304
78285477
78317627
78344302
78367554
78389896
78411933
78442073
78468332
78514430
78538433
78557972
78576611
78599442
78624557
78654864
78673156
78701735
78720945
78775968
78793070
78822019
78845033
78864472
78887800
78904908
78922066
78949498
78974239
79030129
79050358
79074254
79106745
79134415
79156465
79179370
79202800
79225712
79273568
79295105
79319492
79350804
79371713
79398853
79425169
79454735
79481048
79503095
79561361
79587057
79606512
79638886
79664545
79685707
79709098
79729695
79749999
79775253
79819962
79844292
79865179
79893195
79924548
79944564
79975009
80001629
80018097
80041314
80095257
80120423
80138279
80162211
80188409
80220389
80244399
80261763
80290499
80320874
80374816
80401141
80421225
80448379
80474856
80505814
80538484
80568437
80596610
80621683
80670158
80694208
80715788
80748157
80772926
80798224
80829463
80854512
80879282
80906426
80951448
80973628
80996662
81015877
81039914
81070360
81094244
81118787
81144567
81163881
81208572
81237383
81268770
81288520
81307109
81329423
81347060
81369003
81400894
81421406
81478542
81507765
81532773
81557390
81580111
81600858
81632359
81652083
81677553
81704215
81754649
81778344
81795992
81827809
81858118
81888577
81919559
81940306
81967958
81994524
82046070
82062552
82082483
82107032
82133210
82159916
82189174
82210225
82228140
82247834
82293625
82316955
82337424
82361128
82387259
82411759
82431887
82453292
82480723
82498855
82542929
82565965
82587154
82617787
82648375
82678634
82709267
82730826
82759999
82786646
82839555
82858822
82875786
82907669
82931368
82962775
82990472
83018215
83047770
83089884
83114365
83136744
83159026
83175672
83202955
83235493
83261319
83285064
83314369
83363753
83381875
83411051
83428775
83454966
83484225
83515119
83533676
83559889
83587962
83639466
83657398
83679074
83706084
83722747
83751274
83773468
83796069
83820162
83840182
83884487
83907151
83925714
83947779
83965590
83992962
84011281
84041722
84067782
84090926
84143689
84173442
84192250
84211910
84237342
84258501
84283208
84300369
84325220
84342934
84401237
84423958
84442446
84468098
84491144
84517988
84538964
84566479
84585423
84609897
84659148
84676049
84694570
84713275
84731947
84752228
84783721
84810040
84837336
84868467
84918589
84938150
84960371
84987850
85014670
85045381
85066586
85088159
85109936
85136305
85189904
85213797
85241594
85264550
85284449
85307562
85333330
85354089
85382989
85407411
85454241
85476385
85497586
85516195
85539618
85557901
85585635
85614924
85632869
85653816
85709855
85738096
85770775
85797634
85828147
85853376
85882582
85913021
85935804
85954347
86012132
86043293
86065355
86096040
86127181
86157041
86184549
86208259
86231708
86253237
86309581
86337159
86355272
86382794
86401351
86431766
86457786
86483376
86501760
86523882
86571314
86588407
86617070
86634245
86660198
86684494
86709931
86736394
86753946
86808330
86827383
86844930
86877455
86903483
86927780
86954747
86974187
86996073
87017865
87067483
87087833
87120306
87142870
87174824
87192180
87215312
87241078
87264374
87289510
87336572
87362105
87380470
87402988
87433543
87453171
87481205
87511739
87543726
87574695
87633250
87652441
87682863
87704254
87730742
87760192
87790855
87813469
87838929
87857222
87906123
87930055
87953938
87984609
88008746
88034397
88059775
88077168
88103803
88135960
88185771
88209196
88226927
88254484
88284029
88301005
88318717
88340199
88367813
88388538
88432143
88453584
88472022
88492324
88516899
88538030
88556000
88579024
88596719
88626492
88674680
88697007
88717677
88746758
88770768
88792323
88810466
88827408
88852290
88878291
88929424
88947808
88978394
89009756
89040377
89068517
89099246
89127066
89156141
89178827
89222074
89249456
89273235
89291050
89313296
89339223
89369468
89388094
89420842
89445723
89492247
89516799
89534984
89563845
89588174
89608188
89627038
89652979
89674285
89706043
89749172
89779273
89804660
89826010
89843948
89863958
89881803
89908414
89927678
89952691
89999728
90026973
90052275
90084539
90103561
90127066
90154275
90173792
90191506
90222331
90278274
90307541
90324059
90347884
90375318
90399630
90421790
90441312
90470272
90497599
90542012
90570373
90586856
90618732
90645129
90665386
90694073
90724303
90750193
90807377
90836322
90868096
90885755
90913365
90931513
90953122
90982612
91004623
91027374
91079846
91108399
91133367
91159185
91177301
91195030
91226579
91244753
91274258
91303666
91358423
91375321
91403151
91425155
91449671
91480888
91498568
91520064
91536785
91562976
91608417
91626046
91644419
91666786
91689603
91721879
91740487
91772830
91799097
91828687
91874022
91892944
91920522
91938331
91961946
91985909
92014124
92037491
92066377
92093793
92136547
92156888
92183834
92209184
92227486
92247125
92268770
92294000
92324112
92351949
92394819
92421131
92451925
92471306
92501594
92532200
92561292
92589969
92614010
92631526
92681953
92709049
92728773
92759980
92786750
92818205
92845392
92871550
92888440
92907694
92964006
92986312
93012198
93037291
93065585
93096576
93115614
93143972
93163024
93183901
93237155
93266092
93286205
93306275
93333846
93365736
93393982
93424138
93442824
93466545
93518607
93540535
93560844
93578593
93599359
93618259
93648824
93677004
93701904
93724805
93772712
93799773
93828905
93849328
93876320
93902613
93934594
93960130
93977705
93994773
94051065
94070418
94094768
94123012
94139950
94170442
94201714
94220644
94240070
94261861
94309782
94335270
94363981
94385964
94403640
94423268
94449691
94473273
94501564
94546974
94577691
94599500
94622583
94650222
94668623
94694804
94714554
94735888
94754334
94801891
94833010
94849592
94871759
94897545
94927314
94955332
94976142
94994189
95014318
95057530
95078593
95111300
95136547
95169158
95189875
95221014
95252284
95274172
95300138
95342153
95360781
95383460
95410025
95429945
95450110
95474551
95496961
95525018
95541423
95590204
95608846
95631381
95648589
95667036
95684999
95702468
95728021
95756575
95777985
95831460
95854373
95882749
95902565
95925321
95948605
95974724
95997104
96027931
96045512
96100593
96128598
96146249
96167633
96191561
96221428
96252773
96273359
96293217
96323614
96381178
96406346
96437055
96457849
96488834
96510047
96529320
96558453
96576285
96606163
96662171
96689002
96718374
96738117
96763681
96785529
96807290
96839758
96857647
96874306
96929053
96953905
96972672
97002046
97030148
97062895
97080912
97101772
97125124
97143821
97198825
97228370
97254181
97278839
97297640
97314875
97335389
97360803
97388610
97414349
97463667
97489746
97507469
97533421
97558646
97579838
97607667
97631337
97656503
97679321
97736107
97764623
97792681
97812109
97833751
97860785
97887887
97914840
97933484
97953442
98009883
98027431
98053552
98078945
98097404
98115260
98136011
98166584
98183696
98203165
98245538
98269431
98290470
98311062
98341183
98369333
98391746
98413475
98443097
98496225
98520017
98536500
98559992
98582663
98601098
98625354
98656961
98683396
98705595
98755705
98779864
98803013
98829214
98845802
98863195
98888498
98916126
98939556
98961165
99016395
99047412
99079886
99105796
99132363
99150539
99171264
99200155
99216780
99247819
99297256
99321662
99350549
99373956
99398615
99429697
99448686
99465339
99487979
99511498
99554709
99572288
99601956
99626932
99659054
99682572
99703274
99723281
99740933
99772361
99822402
99847443
99870636
99893824
99922609
99943533
99969470
99988430
100013204
100033011
100078220
100099101
100124682
100146474
100164407
100181226
100198798
100220427
100239226
100269690
100318016
100336982
100363077
100380100
100407903
100428013
100450941
100474367
100496763
100525602
100578247
100600108
100623711
100643109
100666974
100684839
100703697
100722289
100742144
100774298
100829495
100858554
100882845
100913539
100941651
100964641
100981410
101009579
101027218
101051664
101097772
101124921
101144111
101161218
101178660
101205972
101237324
101263555
101281132
101302657
101354098
101373417
101405557
101431966
101462599
101484048
101512650
101539776
101556928
101586317
101632809
101661388
101690497
101719424
101749241
101776140
101796543
101823120
101855127
101908507
101934404
101954477
101986416
102007608
102032234
102057402
102084732
102106436
102139127
102186887
102208269
102238560
102265966
102290904
102323330
102350210
102371450
102393922
102422890
102479997
102497399
102528358
102560816
102585663
102618174
102643596
102674568
102691511
102709143
102760725
102792154
102824093
102842192
102859392
102877559
102907198
102930493
102957346
102986012
103041469
103072978
103104379
103126222
103144701
103175941
103193576
103211145
103235491
103252131
103296032
103314723
103340149
103369677
103393996
103422205
103452168
103477875
103497903
103525379
103568335
103600196
103627701
103647747
103677418
103709516
103739159
103767830
103788015
103809417
103860796
103883157
103915817
103944928
103976037
104002151
104031677
104057942
104089934
104117645
104166153
104195811
104217373
104243669
104272570
104291791
104311445
104339351
104368941
104392265
104440837
104458824
104481055
104512963
104533997
104553491
104575192
104593835
104617689
104641615
104694919
104714883
104737642
104756881
104784714
104811240
104833840
104851184
104869595
104898804
104947310
104969779
104991154
105014515
105039234
105070216
105102648
105125708
105156969
105179684
105230944
105254612
105271278
105297508
105325775
105349279
105376166
105406008
105424324
105454163
105505200
105528072
105550195
105575902
105600267
105627553
105645198
105666471
105683305
105736327
105767785
105791266
105819883
105843300
105870748
105898231
105915831
105940856
105971180
106014119
106035321
106054547
106078123
106106500
106125933
106145137
106163755
106184151
106210767
106262918
106286998
106315952
106340805
106360267
106390425
106417858
106436380
106458386
106490220
106535276
106553854
106585211
106603863
106629157
106645571
106664240
106680992
106698743
106716722
106765307
106791135
106811442
106835141
106857297
106882583
106907404
106935807
106965535
106992205
107044829
107066429
107094804
107119208
107143129
107161733
107187000
107206070
107228936
107245658
107289205
107308737
107339016
107357351
107378284
107403239
107427850
107452485
107471407
107491684
107548989
107578427
107601679
107631991
107655796
107686896
107708285
107730194
107761989
107792424
107834943
107867327
107897925
107925553
107949711
107966781
107989467
108020613
108043240
108062596
108120239
108142330
108163546
108189078
108212609
108239014
108270287
108290760
108307343
108339099
108390625
108414955
108438594
108461426
108483144
108499685
108528809
108545329
108565525
108593547
108638659
108659008
108687432
108705759
108725460
108757942
108782110
108810483
108835010
108863486
108918030
108941417
108962248
108983596
109008678
109026804
109051217
109068872
109091684
109110366
109156849
109188176
109215727
109232135
109263623
109287889
109317830
109338579
109358492
109414137
109442154
109459549
109487851
109509943
109536729
109557493
109581167
109609324
109633291
109689566
109707720
109736668
109763530
109783032
109812876
109832798
109864159
109886618
109908152
109965573
109989639
110021324
110044619
110064070
110085583
110112136
110133929
110162157
110182418
110232899
110258498
110281574
110299424
110318763
110339771
110368870
110392651
110409767
110432115
110487647
110519424
110544016
110575881
110593736
110613318
110630297
110648978
110675054
110691581
110734255
110753098
110772822
110796315
110823834
110853966
110871230
110897377
110928812
110950905
111006152
111032361
111055593
111084595
111112217
111140068
111171691
111204452
111229762
111252229
111296324
111324578
111357139
111373943
111404200
111425881
111445051
111470261
111496315
111513935
111558224
111590291
111613053
111638718
111668063
111697501
111719133
111735838
111754684
111773952
111824017
111856018
111878096
111903713
111936358
111966778
111985447
112003851
112023825
112046274
112088953
112105679
112135347
112158502
112178779
112200160
112217405
112250034
112269097
112286841
112343806
112368242
112389835
112406248
112430504
112461962
112481397
112504011
112528417
112549746
112603450
112625541
112656606
112675168
112695784
112720270
112740373
112761948
112794234
112839197
112867810
112897331
112914222
112942974
112968753
112996461
113023467
113040304
113071583
113116349
113138506
113163527
113185889
113217878
113238762
113256000
113285062
113314754
113335954
113389438
113421963
113445476
113472128
113489787
113518333
113535602
113559920
113590050
113622431
113676597
113697479
113715801
113741180
113766086
113795539
113820858
113839063
113871159
113897988
113942517
113965200
113996315
114028622
114057828
114081054
114100710
114121197
114144999
114169687
114218240
114245312
114269706
114292952
114314420
114340062
114363733
114385877
114412353
114444899
114499417
114524601
114555482
114572406
114604082
114626280
114650067
114679481
114708681
114729747
114785605
114806471
114829218
114857429
114879389
114900771
114919101
114936100
114964929
114985510
115032249
115053298
115070132
115095254
115123043
115151360
115169776
115197379
115225015
115244998
115299753
115329065
115348379
115369506
115391266
115418682
115442956
115471125
115491934
115522812
115577380
115602344
115629366
115654044
115675062
115699530
115729474
115748050
115777635
115799127
115841919
115863969
115885745
115902701
115933624
115956119
115988484
116006407
116033170
116050609
116101536
116132175
116150919
116168264
116187038
116216520
116249039
116274211
116290720
116347771
116377184
116409579
116428290
116460102
116476752
116494265
116518395
116542832
116567671
116624660
116645479
116677693
116706299
116723963
116748113
116778414
116794880
116823124
116850465
116897271
116926065
116945410
116974994
116996802
117026889
117050620
117079488
117098863
117121969
117178067
117194987
117217301
117236729
117255917
117280810
117311401
117328910
117360866
117383918
117427346
117447156
117476054
117496733
117527142
117546063
117575962
117594948
117624779
117648724
117692304
117721900
117751796
117773202
117804372
117823636
117851472
117880760
117906975
117936320
117987687
118005374
118036329
118055995
118081301
118098873
118116891
118144747
118164263
118182761
118239115
118269119
118291470
118318439
118345885
118372914
118392134
118411613
118441213
118472088
118516759
118544354
118569147
118599247
118620900
118647566
118670061
118687198
118705835
118734801
118788107
118807053
118833824
118857403
118884168
118902899
118920610
118942454
118962261
118987007
119032696
119062761
119089843
119111672
119131467
119151902
119182210
119208093
119236170
119261678
119305609
119332263
119353065
119372854
119402214
119421860
119446847
119463238
119491492
119520128
119575674
119603699
119624803
119647521
119677137
119696066
119722552
119744654
119769430
119796931
119854272
119885310
119912004
119933148
119952627
119976434
119994957
120026445
120043765
120074659
120132278
120152226
120170798
120193158
120219020
120236214
120255262
120281840
120314030
120358956
120385935
120405810
120431230
120460752
120485251
120503792
120528153
120554870
120585974
120641090
120670339
120701831
120723002
120752518
120769535
120799655
120825490
120853778
120874662
120924724
120943235
120973320
120998773
121026669
121052749
121070941
121093441
121112457
121129523
121184568
121215286
121245853
121271651
121291729
121315853
121347871
121377744
121397978
121430627
121480908
121513024
121534857
121559371
121579936
121611222
121638706
121657422
121685630
121704255
121752582
121781939
121809714
121837604
121869234
121887976
121915833
121934647
121961423
121990731
122048208
122065681
122092398
122115993
122133603
122161161
122184959
122216836
122236449
122267459
122323162
122355354
122388108
122407881
122432251
122464517
122497181
122513634
122545025
122570225
122617304
122644558
122675763
122696189
122713085
122736100
122757089
122775745
122800880
122830088
122875507
122897525
122925013
122953961
122983417
123010301
123041402
123070908
123091751
123123595
123178896
123197817
123223195
123255652
123274411
123303334
123329456
123354254
123384796
123405181
123448521
123473175
123494961
123525867
123558521
123581655
123609521
123627931
123656489
123688487
123739888
123756941
123784798
123804051
123833623
123858519
123876931
123909558
123934576
123953616
123998262
124016599
124036893
124067629
124100358
124118997
124137650
124160812
124192143
124235291
124261988
124283665
124313249
124340993
124358522
124380536
124404611
124433089
124463341
124509754
124539393
124558800
124579729
124604177
124634114
124663410
124692576
124724444
124751296
124809032
124839712
124860966
124889838
124913648
124940398
124962891
124985163
125004055
125031151
125086247
125116834
125143526
125162419
125185986
125212262
125237701
125263205
125288447
125320764
125375743
125404654
125429856
125460581
125493121
125512208
125528876
125560240
125586686
125615502
125663344
125681348
125702169
125732578
125764665
125781231
125812451
125834466
125855501
125873402
125916951
125942452
125961050
125992751
126017373
126044602
126062347
126089900
126106701
126136208
126192823
126222828
126254889
126279666
126296940
126316217
126342524
126364837
126393003
126425036
126480609
126505545
126533225
126558358
126583096
126613933
126643673
126660309
126682783
126703092
126752105
126777011
126798418
126822183
126842493
126861688
126883789
126909948
126927038
126959330
127014557
127042630
127064750
127090402
127113882
127130754
127154278
127181254
127200144
127220148
127277186
127304640
127326422
127354984
127377812
127406480
127426175
127451748
127474976
127504504
127546856
127567462
127584543
127614010
127643128
127674188
127696224
127722097
127744211
127770341
127813434
127845429
127869181
127900513
127928019
127958734
127988900
128021593
128053439
128098852
128129599
128156786
128173548
128198434
128219361
128238046
128257175
128276446
128293733
128338150
128366606
128384018
128407235
128437620
128456156
128475726
128501463
128527488
128547405
128600711
128619181
128638827
128660461
128680511
128710874
128738171
128755351
128781787
128805576
128855778
128883619
128911669
128941909
128959029
128981416
128999125
129024651
129048086
129070515
129113359
129136872
129158637
129189900
129214656
129243017
129265595
129290218
129313091
129332750
129386629
129416431
129441152
129464720
129487360
129504271
129523795
129544964
129563527
129586289
129638563
129669589
129697652
129718045
129736415
129754060
129771821
129797688
129821977
129854649
129911374
129939172
129964229
129991319
130015560
130037119
130056400
130088145
130115806
130134386
130192634
130220911
130244296
130261522
130281797
130312909
130339269
130369320
130395505
130422380
130472636
130504186
130536188
130555297
130577065
130605488
130623926
130644974
130675045
130707190
130758919
130782186
130802026
130820714
130847755
130865234
130895344
130920133
130937896
130955184
131000126
131021451
131040076
131065389
131094550
131126808
131152389
131171794
131189361
131218176
131263349
131280023
131307403
131324875
131355354
131385677
131405401
131426315
131455080
131482084
131534783
131554688
131585170
131604368
131627974
131645453
131677921
131694377
131719349
131774845
131799607
131829168
131847530
131871062
131893541
131925751
131953039
131977558
132007338
132059448
132084425
132111110
132142008
132164450
132197162
132216070
132241012
132264979
132287147
132337811
132363059
132394156
132422780
132442781
132472873
132495665
132517015
132548972
132580222
132633892
132662796
132689033
132712446
132737103
132766215
132792117
132816269
132837058
132863062
132919131
132945846
132971780
132991010
133016595
133040106
133071371
133103049
133129459
133151956
133199653
133218693
133242265
133265360
133284883
133312757
133337876
133356868
133387845
133417130
133467262
133495633
133526711
133551286
133573942
133606677
133628482
133655112
133681251
133698067
133748345
133765325
133786040
133813845
133839255
133858576
133885721
133914953
133943387
133967556
134018601
134038571
134070374
134089621
134113848
134131828
134160512
134183851
134200946
134231926
134281450
134310376
134327250
134357426
134386601
134409755
134426838
134451922
134472361
134489849
134537329
134562725
134586443
134616520
134644855
134670107
134687457
134708350
134726293
134750659
134792716
134810281
134842204
134858645
134878001
134899941
134930843
134955264
134981249
135013562
135064824
135085747
135108104
135135008
135165193
135191803
135210024
135239040
135271611
135291169
135344354
135376052
135394527
135422971
135447158
135468730
135497986
135520573
135551528
135598078
135629477
135646063
135666356
135688033
135720181
135743559
135771014
135800041
135827553
135877810
135898129
135928828
135950654
135980439
136011572
136036064
136058290
136078722
136110518
136164971
136190940
136218183
136237038
136260558
136278458
136301285
136319264
136338095
136359882
136415417
136441401
136469247
136499735
136522241
136552799
136577412
136605869
136636925
136664339
136714820
136737672
136754872
136771352
136797917
136821431
136840460
136857315
136880643
136901047
136949725
136976079
136997253
137016277
137048370
137076119
137097375
137119666
137140841
137171215
137220536
137241189
137271228
137297079
137314824
137333827
137360219
137383170
137400938
137418076
137471417
137500850
137519598
137549590
137568908
137589744
137609431
137632065
137659778
137683473
137727088
137750492
137777522
137796078
137820796
137845872
137871452
137898988
137917010
137933918
137989408
138014381
138034467
138062629
138084217
138109407
138135306
138165035
138181775
138206506
138252861
138281017
138299640
138328191
138344860
138362265
138381822
138405867
138422793
138455201
138498076
138521733
138553681
138580736
138612852
138636972
138656263
138677395
138704518
138725341
138767577
138792746
138820128
138850565
138880169
138900867
138933579
138950465
138967519
138995689
139051682
139081998
139109534
139141362
139170871
139190842
139216818
139246315
139264138
139310296
139327279
139356185
139374507
139405675
139436754
139466627
139492142
139511173
139533615
139579070
139611818
139636811
139655088
139674323
139693677
139723327
139752606
139772043
139794847
139845638
139864564
139895376
139911862
139939746
139972013
139998542
140020306
140038371
140068944
140118170
140139729
140168335
140201010
140230612
140262188
140292361
140313785
140333489
140360491
140408410
140432539
140459365
140477112
140503404
140520720
140538992
140570708
140600464
140622304
140679500
140696016
140718523
140742354
140772315
140800822
140827760
140846270
140865803
140885834
140931966
140954069
140980297
140998649
141018227
141037172
141055760
141085702
141102855
141129496
141187004
141207862
141229203
141260610
141286941
141310724
141330779
141347441
141368414
141400614
141449207
141480590
141512257
141541344
141568838
141588094
141609137
141630150
141653976
141686077
141732683
141753232
141777065
141804966
141831545
141851034
141874649
141906157
141923470
141952710
142005711
142037316
142067972
142094716
142111638
142132368
142151135
142170429
142189426
142218009
142265674
142283518
142310521
142328130
142350477
142374310
142402724
142434504
142454177
142471954
142528843
142557021
142578884
142600729
142620714
142637887
142666745
142696879
142729312
142750527
142796954
142816741
142843414
142861155
142880268
142903407
142920075
142948604
142965571
143009212
143040772
143062151
143083544
143114268
143131204
143157843
143175106
143199178
143219245
143270921
143291797
143324017
143350491
143378649
143405807
143433551
143454057
143476674
143496027
143543925
143569620
143590959
143619223
143648217
143665603
143697242
143727945
143744381
143775967
143829671
143857810
143888393
143916966
143935488
143952717
143971854
143996051
144019366
144037961
144087199
144108096
144138913
144169519
144194710
144223817
144243976
144276384
144295683
144327028
144377907
144401473
144430632
144450243
144480283
144510552
144541664
144568108
144585815
144602880
144653119
144671529
144694297
144713352
144729864
144747590
144767965
144786494
144807923
144824319
144870422
144893421
144923855
144940531
144959905
144981394
145005892
145028502
145051982
145073612
145116900
145135282
145156126
145183448
145207647
145231625
145253957
145279540
145305778
145330583
145387918
145409782
145431263
145461260
145481867
145510863
145540922
145561049
145585775
145615832
145659364
145690988
145707948
145740016
145771524
145801656
145826136
145848959
145875189
145906251
145962741
145994877
146016137
146047266
146068967
146090691
146111095
146132916
146163842
146182304
146228965
146253633
146285557
146313549
146346009
146364617
146395785
146426036
146444668
146501096
146519308
146543432
146564858
146594288
146619580
146641057
146660732
146685582
146714036
146770219
146796517
146821203
146841234
146873186
146893601
146921960
146949794
146980443
147007108
147059411
147077944
147103104
147120444
147151381
147176354
147199661
147232193
147263681
147285402
147337260
147355664
147382227
147405626
147424817
147448148
147476991
147506496
147525708
147548116
147595976
147617084
147643233
147665034
147695999
147727550
147746916
147767927
147797946
147815922
147872811
147904771
147929026
147948446
147980768
148012552
148038234
148055974
148073147
148098815
148150997
148178647
148200157
148225365
148244595
148275018
148304145
148328705
148358147
148379724
148436604
148458724
148479159
148509011
148538063
148570312
148599219
148618485
148641680
148665381
148720658
148740412
148767462
148797958
148828504
148860427
148881317
148911181
148929618
148951368
148994849
149020900
149037711
149065472
149091174
149123935
149146745
149167106
149192526
149219237
149269251
149296606
149320716
149346166
149365575
149392123
149413112
149433609
149454367
149486806
149538509
149555421
149576457
149600508
149621169
149644356
149676680
149707417
149733431
149750699
149792820
149816660
149843972
149861876
149884269
149914464
149938436
149968626
149991283
150015310
150065036
150096632
150114304
150138883
150165023
150197193
150226226
150245225
150274609
150324255
150352713
150382865
150414241
150432527
150463682
150484860
150504814
150535000
150556846
150610912
150635420
150652302
150672687
150696680
150718913
150748606
150766935
150786423
150813184
150864409
150896122
150916440
150945253
150964981
150985656
151012970
151034630
151054856
151079309
151132187
151162514
151189902
151218860
151249056
151278916
151310595
151331265
151356590
151388318
151442672
151465893
151483508
151502811
151533493
151559365
151578188
151596998
151617873
151635550
151681072
151709235
151729985
151748625
151780598
151811059
151832079
151856061
151884719
151901113
151956291
151975606
152006380
152033449
152059310
152084432
152109350
152133155
152164739
152184579
152236344
152257401
152283329
152300930
152323138
152344753
152363001
152383699
152410030
152433338
152479274
152499965
152531902
152550319
152578027
152606342
152624050
152651902
152674471
152703549
152757673
152781605
152805953
152825463
152844980
152863297
152892201
152917404
152942844
152966458
153008892
153030970
153049540
153068529
153100766
153128186
153156973
153176312
153200119
153217771
153267990
153300173
153327521
153349025
153374905
153396500
153427279
153456273
153473228
153493970
153544581
153576338
153593517
153614959
153639504
153658224
153686885
153713348
153734563
153758705
153803863
153836439
153866492
153886561
153904716
153927882
153956287
153986300
154012913
154059365
154076501
154096430
154114581
154142310
154168521
154188864
154217345
154248014
154272030
154317533
154344145
154374849
154395322
154426135
154457594
154474233
154505861
154528213
154559905
154613684
154635063
154667695
154688649
154721103
154745672
154772022
154801337
154828997
154858015
154906482
154923205
154945593
154976137
154999843
155020148
155046803
155077590
155109336
155135180
155190432
155210080
155232319
155261927
155293021
155325520
155355073
155372333
155390855
155407788
155455378
155480838
155499446
155530462
155557655
155576470
155608192
155628561
155653443
155678439
155720569
155737213
155760535
155786500
155810493
155832089
155852212
155871593
155897433
155926802
155971950
155990677
156022264
156048776
156081373
156113952
156131772
156157576
156180695
156210761
156252948
156280449
156302820
156331271
156362888
156383592
156414681
156432648
156456608
156483578
156536141
156565093
156584016
156612090
156641947
156663012
156683817
156712297
156730471
156750357
156792903
156813294
156837446
156869482
156888774
156917398
156940732
156964139
156987172
157004260
157050287
157068494
157096301
157128989
157150070
157167929
157194650
157215505
157245174
157271658
157320987
157353349
157370194
157393695
157415424
157437904
157467779
157485261
157516025
157571113
157598008
157618063
157650447
157671025
157694571
157723799
157744647
157763489
157794826
157844917
157874273
157896882
157921115
157944432
157973748
157995698
158012129
158044018
158064892
158109594
158132615
158161126
158182877
158205929
158237955
158256677
158284798
158316969
158344336
158398791
158419409
158449974
158481475
158505443
158534369
158566972
158596979
158620341
158642538
158693605
158717717
158736888
158760635
158778011
158806924
158833644
158864325
158888187
158917560
158964502
158993973
159024191
159051614
159075891
159105426
159122420
159141509
159170331
159194456
159237309
159256914
159276583
159295352
159314196
159334528
159365865
159387026
159418397
159444837
159502349
159525749
159551939
159582444
159612619
159641457
159662529
159688925
159706876
159735212
159784251
159815729
159839658
159858016
159887784
159915764
159940243
159972298
159997006
160017319
160069342
160094938
160112727
160131038
160156656
160173882
160190845
160215682
160240378
160267877
160317604
160347167
160378399
160408755
160426966
160444512
160468610
160497332
160525298
160555643
160602945
160620838
160652879
160684876
160703734
160722495
160739545
160759105
160787943
160805717
160861344
160889186
160912621
160938000
160967367
160999206
161023785
161041039
161066047
161098543
161143620
161172923
161196168
161215840
161240756
161268904
161296072
161314607
161339482
161395268
161415930
161445533
161467521
161488922
161511358
161529593
161552211
161570981
161602737
161645297
161666964
161689850
161712566
161734249
161762574
161788406
161810520
161839375
161860578
161907173
161929249
161945681
161971403
161991074
162011805
162030080
162052922
162074386
162097572
162141804
162166725
162184956
162207879
162234348
162266343
162288990
162315769
162340171
162359612
162411977
162428368
162448717
162470942
162489419
162511876
162533607
162556737
162576615
162603746
162658025
162687168
162707268
162725132
162746423
162770644
162787120
162812775
162844236
162863823
162913999
162930745
162951970
162975989
163003291
163023917
163041216
163064241
163086031
163112764
163165404
163193258
163210133
163228890
163260825
163289141
163318284
163337511
163363170
163389981
163444434
163472038
163494366
163517271
163537224
163556698
163573280
163599368
163623690
163654929
163710437
163734824
163756822
163788869
163813545
163838426
163866344
163894589
163912737
163930347
163983460
164007049
164033923
164060008
164086536
164118081
164134919
164164453
164194753
164223152
164274480
164305889
164337494
164367013
164392121
164421822
164446075
164477845
164503897
164520926
164563488
164593304
164623016
164641634
164661995
164686555
164703473
164729191
164749689
164779847
164824814
164845063
164866004
164884976
164916769
164945075
164964083
164982350
165009550
165027918
165082476
165100877
165122698
165139449
165167893
165186014
165204016
165230646
165250761
165301107
165327244
165348867
165368130
165385241
165417717
165442516
165466309
165484623
165512951
165562935
165584046
165612905
165637697
165667243
165692225
165708998
165736361
165763258
165791537
165836729
165854884
165877529
165899193
165923087
165948866
165973263
165990158
166019903
166040769
166090058
166120628
166144828
166171298
166203739
166235708
166261529
166291693
166317921
166348014
166390475
166408691
166428212
166451417
166475299
166501046
166525027
166542429
166573504
166590828
166641254
166670165
166698608
166726462
166750209
166767776
166794420
166820185
166843111
166863847
166909885
166930426
166957213
166973645
167002796
167033292
167059655
167088213
167114794
167146148
167203375
167230166
167259108
167284450
167312768
167333611
167353070
167372538
167398216
167424752
167467082
167486037
167507154
167526027
167546029
167572859
167599540
167627916
167655543
167677249
167725887
167743908
167765714
167794063
167811671
167844381
167864040
167895443
167912783
167939355
167985927
168017056
168033625
168054617
168086343
168113362
168141400
168165087
168192777
168218238
168273619
168304770
168331911
168351928
168384087
168405750
168424769
168441978
168466529
168495588
168550844
168578590
168601859
168623611
168645801
168667500
168684265
168708863
168726857
168746372
168804025
168831582
168851067
168882903
168909896
168932340
168956641
168985089
169012774
169055299
169086723
169118933
169147945
169167684
169191991
169221603
169252035
169274433
169300458
169348735
169373139
169400103
169427827
169452247
169476222
169507135
169537472
169561155
169589201
169636221
169665887
169687489
169714427
169733559
169759562
169788258
169813724
169837915
169864724
169909284
169931632
169962081
169986391
170008182
170037226
170067558
170096529
170115075
170146990
170203557
170227942
170245423
170269542
170294980
170317279
170344537
170364244
170393753
170413414
170456874
170485292
170505010
170522333
170548796
170576902
170601878
170628801
170653511
170675741
170720309
170750831
170767913
170788383
170809059
170833279
170859204
170886276
170909381
170942053
170996442
171027350
171059515
171082924
171106189
171129830
171154811
171172156
171195656
171224573
171275779
171293566
171316292
171335461
171353201
171382712
171410637
171435599
171466283
171485659
171542112
171570366
171603039
171628184
171660489
171687795
171712887
171729382
171760671
171790234
171843994
171871076
171892912
171917963
171946384
171969090
171987922
172018926
172042942
172059346
172106916
172137449
172155382
172181670
172207387
172232062
172255053
172274923
172300138
172332085
172382313
172407801
172437074
172458901
172476820
172508577
172530553
172550014
172579264
172601615
172650630
172681361
172710234
172730006
172753028
172784952
172805600
172832960
172864862
172914107
172931981
172951153
172968598
172993221
173017753
173040147
173063657
173090155
173122746
173168207
173195404
173213504
173240811
173264944
173282348
173313860
173331668
173357382
173381529
173425271
173447231
173467041
173484805
173511886
173539268
173570096
173601536
173626573
173647662
173694283
173720483
173750198
173779556
173796372
173815649
173846204
173871917
173900137
173930190
173975153
173994817
174015582
174040558
174061642
174086252
174118490
174137130
174154729
174180370
174232147
174260995
174285911
174305657
174333559
174364658
174381122
174397641
174417789
174441301
174488460
174515426
174536222
174558369
174589766
174615785
174638843
174669459
174696753
174722504
174767311
174784398
174805560
174832381
174857486
174885752
174916687
174933879
174952474
174969244
175026279
175056873
175084050
175101366
175128587
175157762
175183506
175206549
175230040
175246759
175295231
175319371
175344376
175369479
175397289
175427760
175458028
175476599
175504478
175529229
175583276
175610605
175629885
175651369
175671110
175701142
175732497
175761952
175783941
175814785
175867122
175886779
175919422
175952029
175984382
176003628
176022481
176040879
176057881
176112550
176143851
176166306
176197240
176227906
176253249
176278541
176295401
176313722
176344726
176394954
176416890
176436449
176468719
176491656
176516140
176541893
176563585
176595556
176616121
176663970
176685759
176716495
176747643
176777769
176805105
176829657
176862163
176879342
176896004
176946119
176973296
176998592
177030803
177047225
177079764
177100274
177120062
177144752
177168714
177218344
177246766
177273106
177298274
177323368
177354641
177386676
177414973
177431529
177454170
177511031
177541917
177566006
177594898
177613045
177638814
177670189
177698095
177728728
177758273
177807823
177833103
177850343
177878752
177905643
177930254
177959690
177979839
178007015
178029522
178072713
178095980
178115523
178146744
178177914
178198407
178226949
178257981
178279142
178311185
178361906
178379299
178403000
178419532
178437312
178462348
178483434
178513197
178530056
178557923
178603329
178620682
178643170
178674879
178700500
178722423
178754772
178775391
178800195
178829698
178880388
178911672
178935989
178956801
178987236
179005279
179025973
179058508
179082735
179100364
179148045
179180102
179200186
179229169
179254680
179271307
179297565
179314849
179347550
179374190
179427027
179445642
179466064
179484998
179504008
179525457
179542476
179566791
179585224
179629317
179647933
179670261
179697007
179726883
179754947
179771715
179803519
179834205
179858131
179905636
179937641
179967547
179991096
180009113
180031790
180063406
180092121
180109036
180135187
180190130
180206713
180235488
180263951
180289368
180309845
180334790
180351214
180368618
180394967
180441490
180461553
180481153
180506735
180524989
180554259
180581793
180608217
180625519
180651168
180700498
180733077
180756854
180781821
180804257
180831801
180861224
180878390
180902230
180922671
180969544
180986537
181013057
181035984
181054131
181083634
181106039
181125511
181155392
181186695
181229935
181248433
181271553
181299455
181324353
181341236
181367386
181387028
181403669
181421885
181475016
181495878
181526969
181558666
181577244
181601323
181630344
181658676
181687060
181714375
181759351
181776745
181804816
181837498
181865580
181882939
181907799
181933291
181966002
181983764
182027711
182049641
182074030
182094852
182117159
182143210
182162435
182193208
182224246
182247783
182290938
182313319
182336014
182360323
182380974
182405902
182428783
182459058
182476432
182498933
182552710
182582197
182600800
182619591
182650001
182669604
182691851
182712997
182732619
182763950
182822235
182842948
182865706
182889143
182910346
182931936
182952848
182971677
183000058
183019317
183069770
183092149
183121293
183139664
183167429
183187329
183219980
183243925
183261532
183318569
183337146
183357993
183380855
183400151
183422683
183444961
183474729
183493313
183520670
183578729
183601421
183622376
183639475
183671848
183689417
183718868
183736862
183764612
183797239
183853997
183873827
183900613
183933164
183959610
183986640
184010595
184041844
184060638
184086183
184143161
184167212
184187913
184219242
184236677
184267036
184283865
184305832
184326691
184352729
184398455
184424089
184455655
184477814
184504798
184534662
184565057
184589757
184606983
184624738
184673383
184699385
184729382
184751142
184777403
184807243
184837465
184856453
184888460
184908469
184962071
184991325
185022849
185052832
185078816
185109182
185127796
185153057
185174314
185203761
185261518
185290721
185317455
185341105
185368296
185390098
185413631
185439639
185466226
185495496
185539341
185567272
185596855
185625126
185652472
185680647
185707279
185739600
185761349
185781598
185831029
185852071
185871227
185902216
185925740
185942991
185966595
185992352
186014959
186032645
186074793
186098364
186124677
186146289
186174128
186202188
186222394
186241565
186271790
186317928
186337631
186362089
186380809
186401360
186420825
186447012
186472737
186505246
186535651
186577887
186604179
186628961
186645897
186677665
186696376
186726014
186758675
186783242
186799966
186845751
186866977
186895816
186916386
186944598
186971164
186991928
187017056
187046675
187071714
187127074
187155700
187175927
187195350
187217591
187244405
187269338
187300024
187332341
187350306
187407123
187425928
187458021
187481384
187501041
187531782
187554818
187581929
187599311
187618217
187668263
187688608
187709879
187729482
187749584
187776674
187796951
187821755
187851417
187883485
187925996
187952870
187981422
188007837
188025372
188054844
188076997
188101550
188129895
188155197
188207383
188224975
188244665
188270394
188290814
188314800
188337889
188368030
188397673
188414819
188463231
188495287
188522123
188554272
188582190
188610233
188631575
188657223
188688497
188717352
188772667
188794989
188820248
188845897
188863009
188892104
188913088
188935563
188954428
188972961
189029310
189058294
189084206
189116192
189142095
189170151
189190416
189216669
189245860
189277743
189324210
189348236
189369021
189400853
189421248
189453543
189482949
189514717
189541416
189562367
189612594
189630058
189647762
189667894
189699481
189729733
189753658
189783758
189803521
189829206
189882105
189907571
189929509
189961306
189980289
190011478
190029378
190052632
190085133
190141156
190160483
190177252
190201817
190233072
190249885
190272169
190293358
190313839
190344753
190395638
190420391
190437416
190467267
190488366
190516632
190547893
190575857
190597224
190626354
190671073
190693947
190715356
190746487
190776154
190795061
190823602
190849200
190870612
190899772
190956481
190981356
191004145
191033150
191064709
191090403
191123040
191139534
191160414
191178142
191225878
191243489
191273205
191304879
191328483
191349684
191371907
191390664
191422908
191452529
191503343
191532969
191552451
191574839
191604098
191623922
191655379
191673677
191697439
191729953
191774341
191799345
191822920
191843094
191865196
191896641
191925509
191949264
191971858
192002046
192057019
192077862
192104748
192131951
192159881
192180336
192197408
192219281
192244108
192271646
192328088
192346185
192366945
192386621
192407570
192431848
192458116
192477886
192508697
192538761
192589488
192611626
192633468
192665430
192692738
192717864
192745711
192762246
192793659
192816542
192860589
192892269
192912444
192929348
192956333
192984783
193003192
193025709
193047882
193064418
193111289
193132474
193157888
193184807
193210573
193241509
193260272
193287245
193307660
193336928
193389334
193410404
193432644
193452948
193474825
193496613
193513222
193540300
193559007
193585353
193631568
193661998
193679034
193696394
193723717
193751729
193773314
193796510
193817537
193868773
193897685
193920690
193945138
193971540
194002484
194018959
194047033
194068158
194098636
194147485
194168394
194187361
194216097
194244200
194262712
194284566
194308779
194335166
194360894
194419140
194442641
194462685
194483417
194502986
194521863
194547058
194568307
194587934
194606719
194651089
194668472
194689036
194719108
194743325
194773246
194790296
194813826
194838863
194866593
194919670
194951483
194977598
195003425
195022125
195040781
195065060
195088011
195108773
195141197
195192163
195219187
195245327
195265900
195286148
195304491
195321503
195346095
195368252
195394962
195441934
195463763
195482327
195504827
195525688
195556442
195575859
195594701
195614072
195639766
195694142
195718720
195735925
195755738
195772144
195795526
195814003
195834445
195860284
195884312
195939124
195962020
195979209
195996501
196016197
196040630
196058478
196088510
196117540
196147047
196190040
196215577
196242934
196273183
196300130
196322503
196347153
196372118
196391655
196415499
196469869
196501283
196533032
196553434
196571724
196597391
196617495
196639835
196662762
196688902
196731984
196752695
196775775
196805199
196821830
196853839
196870770
196898123
196917809
196935051
196990088
197015261
197040631
197067471
197098585
197129500
197148529
197166237
197191042
197212464
197266290
197284707
197308332
197327689
197358708
197385124
197413924
197435532
197460372
197506812
197524409
197555519
197575105
197597910
197630563
197657956
197677015
197704167
197725553
197782143
197801534
197825687
197844807
197875148
197905487
197922472
197954343
197977537
197997953
198040483
198065954
198094656
198124784
198142692
198159445
198176349
198200910
198222885
198251882
198303225
198323943
198352706
198373720
198402978
198427640
198459937
198480735
198506181
198526406
198569063
198591142
198612918
198633694
198652412
198677576
198694221
198716717
198738489
198767329
198812988
198841464
198868466
198893190
198912704
198937042
198960124
198988395
199005383
199027595
199080760
199101672
199121462
199152901
199182951
199213619
199243488
199262043
199283970
199311503
199362981
199384292
199401164
199423226
199454464
199484772
199501513
199532403
199561334
199579594
199633443
199654139
199671526
199692357
199719547
199737275
199756327
199775318
199802870
199822812
199880814
199903817
199934457
199956469
199984672
200007128
200033976
200065010
200096060
200119615
200165723
200189733
200206893
200237229
200266951
200285054
200306853
200331427
200360684
200379856
200421886
200453982
200477300
200503477
200523307
200546993
200565689
200584065
200603385
200624815
200680746
200711470
200739118
200768803
200785191
200802517
200831072
200853698
200882537
200908775
200964781
200991556
201011969
201034186
201057991
201087649
201118901
201150138
201175867
201219137
201251442
201281590
201312009
201344201
201366008
201397928
201414956
201435295
201465994
201518780
201536191
201560857
201584686
201603817
201624019
201642294
201673562
201698859
201726692
201775613
201802058
201820149
201843553
201873962
201905715
201929632
201952022
201982898
202009278
202057470
202073869
202104727
202136904
202163814
202194481
202217694
202249643
202273246
202305315
202359568
202378249
202407161
202439392
202466027
202490669
202518758
202538120
202562651
202588577
202634770
202659047
202687624
202716292
202737435
202761034
202788446
202811255
202831732
202857120
202909613
202930040
202961442
202978927
202997739
203028211
203057579
203083240
203107883
203139268
203191806
203209690
203237782
203254925
203283230
203308839
203336287
203366850
203398654
203429226
203482700
203510955
203542309
203572788
203596926
203623339
203646148
203671047
203691926
203724664
203768753
203790317
203819440
203845849
203866074
203891636
203914888
203931335
203951584
203979918
204026927
204047157
204075996
204093596
204124023
204154018
204186071
204204689
204229932
204251868
204300085
204328548
204350126
204373774
204397442
204422426
204445708
204462640
204481378
204513730
204566142
204588090
204607864
204624746
204654517
204679855
204707116
204735512
204753175
204773017
204817145
204843599
204862022
204886513
204905381
204931278
204949627
204977827
204997296
205029542
205085864
205106047
205131784
205158213
205188593
205220618
205249973
205267263
205286014
205333468
205362348
205379259
205401050
205422299
205442085
205474156
205497547
205521000
205540690
205592868
205612382
205630273
205647386
205668625
205698085
205716413
205741858
205760858
205784173
205838186
205858683
205882928
205913965
205937137
205957693
205977898
205997327
206027793
206056929
206103376
206135187
206153602
206170925
206194876
206219725
206238499
206267740
206298830
206320912
206370097
206398682
206427656
206451274
206475574
206505914
206537639
206563031
206580955
206610344
206654567
206682944
206714357
206738232
206763861
206796590
206825000
206849592
206873150
206892625
206937036
206958048
206977387
207007950
207034219
207057582
207084626
207109702
207142047
207159324
207208371
207234814
207261109
207285872
207315917
207334898
207357305
207379567
207406457
207423568
207471937
207504679
207533453
207552783
207578921
207605974
207625705
207646193
207663624
207696361
207747295
207772034
207792723
207809947
207832563
207865089
207885795
207903609
207933796
207960751
208007277
208035134
208057948
208079636
208102851
208129428
208159338
208190589
208215657
208238283
208284933
208307439
208324322
208346890
208374283
208391395
208420146
208441640
208470129
208491103
208540439
208571399
208600548
208631595
208648810
208680072
208699677
208727079
208759008
208790933
208833601
208856514
208876024
208897711
208918962
208948047
208972465
209004806
209027885
209071920
209089628
209118171
209139786
209169789
209188491
209205147
209237471
209261167
209288801
209346759
209373010
209397442
209416560
209437190
209458191
209486157
209517483
209543312
209562257
209620269
209646138
209667135
209695111
209717053
209746090
209767402
209790736
209822485
209849608
209897580
209929684
209957867
209989751
210020486
210046348
210068000
210086842
210106391
210133211
210176722
210200951
210219327
210244931
210272541
210304119
210326035
210349076
210369643
210390871
210439665
210461634
210484812
210511998
210531373
210555057
210577724
210598595
210630993
210658274
210715143
210739049
210762344
210788311
210809896
210841437
210867876
210900550
210930698
210954607
211008731
211027043
211058153
211089866
211117741
211148358
211169037
211197760
211222259
211247202
211292031
211314850
211338075
211370818
211389584
211413633
211440406
211465963
211494298
211513621
211568582
211599459
211627781
211655900
211677656
211710252
211741642
211765630
211790524
211808041
211856372
211877430
211894113
211918925
211945787
211963754
211996059
212012535
212031042
212055725
212111282
212133055
212161765
212182188
212203714
212228112
212254908
212274375
212291453
212320942
212372176
212388615
212414811
212435859
212467916
212497857
212515962
212533021
212553076
212569930
212617510
212634138
212652910
212683043
212712832
212733767
212752831
212772132
212801428
212845964
212870036
212891877
212916364
212948776
212976907
213001035
213024858
213056489
213085138
213136611
213156283
213178480
213204696
213234619
213254782
213273740
213296020
213314447
213344894
213392389
213417035
213441025
213469714
213488337
213507495
213533037
213560078
213587241
213604978
213661905
213683669
213700600
213727926
213750662
213771512
213799815
213821996
213846048
213875030
213929474
213957261
213988421
214008183
214031702
214059052
214076553
214103879
214135663
214161543
214214637
214232540
214254465
214281865
214299383
214328432
214346404
214368428
214393617
214424990
214470289
214490472
214522751
214546203
214568965
214586931
214618326
214645421
214665689
214685408
214738607
214758585
214783787
214803639
214825709
214846316
214875614
214901035
214928122
214960417
215004813
215030483
215062217
215081431
215108978
215141282
215164626
215193727
215212379
215230023
215282087
215301087
215333182
215362325
215378911
215395871
215420626
215442245
215473521
215492173
215545102
215575160
215606789
215637428
215661013
215689023
215707683
215736982
215765578
215785117
215832759
215865025
215893239
215919096
215940926
215972780
216001883
216030470
216059937
216081758
216132615
216162008
216182140
216211547
216237783
216258322
216290533
216317773
216342647
216374789
216419991
216452427
216479913
216498622
216528410
216547176
216571104
216598269
216629993
216681226
216711873
216740439
216765294
216791704
216814696
216837149
216854430
216872138
216898907
216948949
216974786
217002688
217021359
217043704
217063820
217091556
217111999
217137172
217167432
217221893
217252184
217272008
217303662
217327514
217354238
217375274
217401858
217424023
217444851
217489459
217519330
217539981
217563656
217594364
217625710
217648762
217677331
217705674
217734133
217789672
217809181
217828104
217844876
217876937
217909083
217939117
217970396
217988609
218017334
218070457
218096090
218121246
218142918
218172814
218195930
218219025
218245968
218262809
218294744
218342242
218363952
218389110
218411637
218437163
218459559
218487956
218511130
218533826
218555263
218606374
218631680
218661967
218683459
218705490
218723723
218750528
218776898
218807334
218836810
218882266
218899754
218929911
218958259
218976248
219002940
219034871
219052143
219070476
219098872
219155514
219185639
219207037
219230045
219251346
219271809
219291170
219321324
219349916
219372799
219430273
219459787
219480920
219507932
219532981
219562821
219579411
219601675
219631634
219656500
219705456
219725948
219751367
219779971
219807089
219827457
219860028
219889241
219909680
219929169
219975163
219994055
220023412
220042627
220069922
220099522
220127834
220151096
220169336
220193244
220236401
220259565
220292082
220324219
220345324
220374172
220397093
220422551
220448671
220506647
220532111
220561962
220587525
220608608
220635315
220664856
220691904
220716089
220742522
220791216
220812343
220837205
220866949
220885721
220911550
220927995
220960490
220983220
221003552
221057584
221077454
221105430
221131349
221147845
221164477
221181623
221204946
221231343
221249354
221298883
221322064
221345580
221368296
221395034
221419288
221441724
221458983
221481894
221507034
221555049
221574772
221606839
221634060
221662443
221680681
221697106
221729744
221748575
221769507
221823119
221846041
221874730
221902773
221933075
221960942
221984163
222002618
222026106
222045471
222097628
222128248
222155742
222183653
222205094
222234807
222263199
222287878
222304481
222326340
222384444
222414207
222442505
222468626
222488823
222519310
222544635
222571387
222596535
222617527
222675818
222707088
222735027
222758086
222779721
222799601
222816955
222835876
222855847
222884931
222930308
222953972
222976066
222998779
223027898
223050522
223082069
223107071
223131284
223159042
223214767
223237476
223260320
223284608
223301961
223333441
223364658
223394912
223415123
223438561
223495754
223526927
223545696
223576046
223593413
223621789
223650620
223680219
223712044
223744612
223798480
223820579
223840162
223857616
223881383
223906753
223925289
223955557
223983490
224004808
224061294
224089024
224119050
224143507
224163023
224185588
224216926
224239345
224258000
224311475
224329778
224348375
224373409
224390912
224414929
224441465
224462278
224490738
224519653
224564507
224582140
224610187
224638037
224654927
224677516
224698969
224721500
224742500
224768165
224815719
224836247
224868465
224893441
224913713
224938673
224955321
224983988
225004919
225030750
225087744
225109923
225142315
225166764
225189366
225221730
225245774
225275028
225307287
225324984
225378150
225406120
225425164
225448007
225474079
225494078
225514766
225545301
225572206
225594301
225639316
225670392
225701323
225720883
225748672
225780941
225810009
225834457
225851101
225876876
225930167
225949679
225966577
225984328
226010997
226034578
226060749
226078602
226104524
226130333
226185169
226217175
226236641
226255482
226273460
226306194
226332049
226351020
226378601
226402966
226455146
226473111
226497482
226523634
226540660
226568053
226597751
226625686
226644350
226674926
226721299
226741760
226760234
226778725
226803694
226826875
226852596
226876516
226905468
226924291
226971379
226999572
227022713
227052577
227080410
227110238
227138008
227170166
227198662
227228411
227286455
227312532
227335546
227363790
227392714
227425361
227456773
227477620
227509568
227534210
227582689
227606710
227626324
227646356
227666330
227692767
227712441
227744179
227764829
227788877
227831241
227850092
227868394
227891411
227910638
227939709
227958352
227975805
228000250
228056734
228086757
228106109
228127834
228159511
228183070
228205645
228235228
228254731
228272444
228319810
228338106
228361913
228393636
228425364
228445198
228474710
228492725
228514171
228531166
228581542
228610700
228633714
228664987
228681564
228705662
228727053
228752726
228779537
228799858
228846456
228875744
228907716
228933444
228955183
228986583
229011439
229043786
229062755
229087575
229129927
229158597
229184112
229214802
229237244
229256155
229288748
229315812
229343323
229360646
229418951
229437094
229454536
229477612
229499381
229528634
229559140
229590165
229606810
229633541
229682417
229710039
229733221
229750008
229778086
229805212
229828313
229846788
229878086
229903345
229951432
229975087
229997523
230015583
230043722
230075005
230105508
230124712
230141259
230167547
230225655
230255080
230276680
230294133
230312898
230329760
230349015
230373970
230399762
230427644
230479032
230509671
230535880
230567503
230584357
230601994
230619534
230639891
230672335
230722048
230751794
230784560
230817161
230836058
230863936
230882960
230899481
230918094
230935320
230991565
231008182
231038441
231070470
231090571
231113481
231135712
231157889
231183944
231215809
231266894
231287021
231308891
231335082
231367484
231399416
231429273
231454108
231484576
231509359
231561440
231589251
231607822
231633197
231650447
231672780
231701902
231718957
231740583
231772703
231822975
231844483
231871545
231895233
231912381
231934081
231951500
231975626
231998277
232022830
232080107
232109856
232137319
232160115
232185872
232217198
232241058
232261005
232285968
232306724
232358950
232375434
232400431
232418087
232441132
232460142
232484847
232511053
232527563
232552139
232605983
232637089
232655879
232686656
232714740
232737032
232763799
232783916
232811103
232838009
232890653
232909974
232935584
232961835
232990690
233020103
233050496
233078748
233105785
233125598
233174187
233193088
233216014
233239631
233270537
233295519
233316635
233344817
233371817
233400401
233457887
233489166
233513197
233536008
233566358
233593481
233612511
233633623
233661713
233681606
233729027
233753799
233770552
233793066
233811677
233831661
233852598
233884901
233914796
233944569
233989469
234009965
234038104
234067465
234093463
234113627
234139415
234156700
234187842
234216273
234261205
234279390
234302382
234332757
234358776
234381850
234414062
234443056
234470113
234517845
234546581
234566221
234597334
234621806
234645477
234666286
234692863
234717119
234740524
234796090
234820295
234843470
234869874
234889810
234920208
234938870
234968748
235000883
235033462
235076248
235096886
235123557
235152437
235171286
235196671
235224486
235249740
235267225
235285446
235339152
235360218
235382853
235408573
235438116
235456635
235475310
235507073
235538282
235564987
235607153
235628920
235660722
235677921
235698601
235717126
235737067
235762638
235785982
235805285
235859877
235884845
235916969
235938728
235964193
235984425
236015653
236034532
236059735
236091480
236141970
236159887
236185671
236203586
236221730
236244406
236276595
236295687
236314362
236339388
236385244
236407789
236433964
236451031
236478488
236509515
236535665
236564096
236590464
236623120
236678350
236710354
236733988
236758846
236790062
236818049
236840631
236872228
236902632
236934210
236990378
237009020
237038935
237069403
237098548
237124728
237150618
237173019
237205534
237228933
237281865
237301835
237325104
237355424
237379627
237406919
237429292
237461261
237484763
237502199
237557362
237585160
237602900
237630091
237647921
237669701
237691763
237716022
237741184
237771666
237816687
237840258
237860956
237885775
237904066
237927954
237955501
237977128
238008228
238026280
238071896
238099112
238119039
238151352
238174185
238195165
238218019
238249784
238266783
238309484
238335509
238357427
238379407
238400572
238420100
238436559
238456990
238479457
238502280
238557284
238579173
238605716
238635668
238660505
238690589
238709626
238731014
238763686
238782631
238836858
238859524
238879049
238909122
238939491
238956206
238983976
239002072
239028139
239056474
239102231
239130665
239150709
239178857
239201757
239233535
239253966
239282139
239303759
239325854
239376994
239405163
239424472
239441609
239472940
239505381
239536234
239557239
239574305
239606974
239649589
239667555
239699684
239721226
239747260
239776320
239809022
239838224
239870355
239893278
239939803
239964018
239992588
240021523
240042199
240069606
240096751
240122941
240141141
240172161
240224339
240250567
240271985
240300235
240325353
240351389
240375623
240395920
240423264
240453366
240510412
240542336
240562024
240581531
240611771
240641083
240665520
240685242
240709961
240741157
240784900
240806712
240837749
240858735
240876551
240906794
240936136
240957219
240985364
241016640
241071777
241095860
241125053
241142944
241171572
241202335
241231125
241261294
241290110
241317584
241372141
241392124
241415883
241438809
241458699
241485600
241512733
241536028
241553391
241580376
241629797
241646526
241666495
241685889
241714867
241737291
241769555
241789374
241818364
241866614
241894993
241918370
241948822
241970097
241993186
242024137
242041656
242059318
242076869
242129568
242148866
242174964
242196131
242215783
242234018
242264292
242293436
242324047
242348939
242406837
242430743
242449149
242468778
242497374
242521766
242550138
242572266
242601650
242627910
242686203
242703562
242733509
242760937
242785098
242805901
242828114
242851646
242882473
242908551
242954563
242978771
243011306
243039723
243067768
243086664
243105914
243128331
243160775
243185736
243243923
243272971
243304289
243334843
243353813
243371485
243393599
243414029
243439497
243462043
243520051
243546271
243575140
243595916
243627649
243658176
243681379
243707379
243728292
243753905
243805857
243822398
243849532
243881435
243911339
243933877
243955833
243980628
244011822
244028511
244070910
244092908
244120644
244141957
244168303
244200608
244220715
244250966
244275041
244306542
244354135
244382871
244405128
244431579
244455969
244482903
244501353
244526704
244553262
244578006
244634146
244659010
244680786
244702828
244719829
244743649
244762786
244779307
244806157
244832473
244878370
244898652
244925397
244948462
244975031
244995813
245022020
245043632
245072274
245089773
245139546
245158259
245177790
245196851
245217083
245246474
245273499
245298949
245324710
245347815
245390240
245407454
245433650
245457414
245489096
245515591
245542300
245567155
245594908
245638193
245662886
245682877
245702142
245733540
245751921
245771374
245789965
245806433
245825959
245872303
245896571
245928361
245947165
245965077
245991677
246014365
246043637
246062590
246080836
246124941
246149504
246179639
246208153
246229692
246258650
246288759
246318272
246347879
246366677
246421094
246447189
246478783
246509538
246541143
246567375
246595709
246623609
246644804
246677062
246727709
246753841
246776309
246802900
246826029
246847018
246873609
246905289
246937343
246959106
247006103
247028515
247059201
247081389
247104870
247127197
247155720
247173517
247190521
247209107
247254902
247271542
247293695
247320787
247345699
247367938
247399625
247427857
247451297
247469037
247522880
247546179
247565897
247590447
247621368
247639680
247664919
247681412
247702866
247735353
247780527
247800864
247822926
247855319
247882164
247898790
247926172
247945501
247974187
247997362
248055029
248078312
248106891
248139407
248156227
248175347
248202530
248220069
248243940
248273982
248319238
248347395
248365446
248386013
248403693
248427618
248448400
248478570
248507412
248537809
248580553
248599441
248628092
248651454
248678409
248696365
248717160
248745300
248767866
248785689
248837815
248855789
248882312
248911049
248942502
248971159
248995305
249012850
249035011
249063566
249108365
249139042
249162219
249183724
249214676
249239170
249271057
249303296
249329407
249375686
249392750
249417178
249443164
249471766
249498325
249515673
249544872
249563578
249591338
249643961
249663125
249683801
249710559
249736884
249757050
249786758
249804793
249832283
249853970
249896949
249926333
249951871
249981304
250006972
250029673
250050728
250068573
250092427
250117868
250169234
250201649
250227126
250248684
250273738
250291258
250313730
250341799
250363313
250389905
250445769
250478473
250500885
250533220
250564436
250582003
250611804
250639007
250665083
250686483
250736067
250761678
250783606
250808487
250834071
250861465
250886165
250909746
250932659
250958058
251010806
251035755
251064404
251085601
251116276
251147586
251167719
251193657
251211962
251238825
251286872
251308898
251331270
251361217
251392052
251414178
251435338
251457150
251474398
251500999
251546541
251563965
251595303
251615355
251637002
251660741
251690938
251713176
251741271
251762045
251810355
251838449
251867563
251889230
251916999
251946659
251969538
251987625
252016456
252038285
252092140
252115415
252135018
252158229
252184931
252208761
252234721
252255585
252283530
252313789
252360788
252384250
252410798
252442535
252472015
252503940
252521841
252547459
252571299
252588695
252645821
252666317
252684149
252716824
252739413
252762937
252795530
252825342
252853805
252880652
252938760
252968241
252985161
253001785
253024697
253056479
253078399
253096199
253115488
253157497
253178858
253196625
253226251
253248749
253276279
253293752
253319697
253350534
253371080
253425850
253449461
253473884
253494099
253510938
253537863
253556752
253578464
253611202
253639291
253688637
253710932
253729215
253749578
253777202
253799695
253827196
253844052
253875293
253892247
253936344
253959214
253986809
254006784
254025646
254052743
254077145
254107314
254138102
254169937
254219712
254242559
254269783
254299690
254324511
254341709
254371813
254400405
254423663
254447144
254492035
254518084
254544077
254567714
254589015
254614617
254641899
254658774
254680064
254697644
254746646
254775110
254802776
254822742
254851587
254876326
254900347
254928428
254950741
254979669
255026488
255057955
255087925
255107182
255124696
255144798
255167341
255185394
255201803
255219715
255278066
255307760
255326005
255345842
255375924
255394994
255417366
255433839
255456203
255481126
255525403
255546816
255579566
255596509
255615007
255644982
255673985
255705827
255727163
255745922
255790013
255819908
255846214
255876173
255907166
255935123
255956312
255988857
256006388
256038876
256082130
256102566
256125849
256142744
256164017
256191579
