1057867395
1057882400
1057897195
1057915324
1057928569
1057947136
1057962612
1057975570
1057986341
1057998772
1058011078
1058024655
1058037563
1058056197
1058071878
1058089550
1058100462
1058114851
1058128745
1058143573
1058161617
1058179794
1058197854
1058212216
1058227650
1058244391
1058263173
1058276849
1058294646
1058313338
1058324132
1058341811
1058355414
1058366704
1058385423
1058396626
1058409924
1058421717
1058432527
1058444897
1058462990
1058477659
1058493290
1058506888
1058525414
1058542123
1058558015
1058573756
1058585850
1058602671
1058615747
1058627329
1058639028
1058651606
1058662722
1058674316
1058687802
1058700500
1058714011
1058727003
1058741727
1058755269
1058773492
1058784419
1058796403
1058808203
1058819763
1058836766
1058849404
1058860241
1058873112
1058889065
1058907095
1058922644
1058937540
1058953530
1058966770
1058985044
1059002752
1059019719
1059035411
1059050794
1059067453
1059081338
1059097212
1059115070
1059128302
1059139868
1059157129
1059175441
1059187108
1059204098
1059220471
1059232404
1059249254
1059262186
1059280714
1059292371
1059307439
1059322021
1059334646
1059352423
1059363772
1059375298
1059391647
1059402653
1059419418
1059436224
1059447917
1059463699
1059479332
1059497240
1059515788
1059527889
1059540245
1059555641
1059568106
1059584053
1059596084
1059613331
1059625715
1059640718
1059658477
1059674787
1059688977
1059706143
1059720424
1059734993
1059752706
1059771480
1059787100
1059802581
1059820909
1059835764
1059854345
1059867464
1059879473
1059892524
1059910899
1059924024
1059940310
1059951963
1059967872
1059986704
1059998827
1060012029
1060030575
1060046096
1060062927
1060073893
1060091375
1060108171
1060123704
1060135285
1060146198
1060157361
1060175477
1060186834
1060203169
1060215475
1060233801
1060248999
1060267858
1060279971
1060292284
1060304433
1060317474
1060328756
1060342465
1060358231
1060375840
1060386833
1060397828
1060414024
1060430152
1060442870
1060460887
1060476123
1060493750
1060508538
1060520930
1060532072
1060546990
1060562458
1060575301
1060592180
1060608264
1060624632
1060642555
1060660847
1060672086
1060688453
1060705252
1060725463
1060740585
1060756335
1060768507
1060785214
1060797099
1060811867
1060828255
1060843960
1060856482
1060869016
1060883462
1060898558
1060909496
1060922645
1060940001
1060957016
1060970209
1060983213
1060998845
1061017488
1061029700
1061042932
1061056409
1061074700
1061087089
1061100154
1061114209
1061125821
1061138422
1061154026
1061172188
1061186319
1061198794
1061214627
1061231572
1061242703
1061255695
1061271264
1061286895
1061298980
1061317900
1061335143
1061349998
1061360902
1061375217
1061389882
1061401620
1061418289
1061435097
1061450043
1061464411
1061481298
1061499647
1061513005
1061523866
1061535126
1061552187
1061563196
1061577928
1061595790
1061608974
1061622981
1061634470
1061648010
1061659615
1061677894
1061696598
1061708227
1061719930
1061735880
1061751851
1061763796
1061777188
1061795007
1061811547
1061828393
1061844201
1061859944
1061874096
1061890080
1061906737
1061925644
1061942884
1061955250
1061972739
1061990661
1062003992
1062016800
1062027703
1062038953
1062052880
1062066284
1062082426
1062099393
1062117981
1062134121
1062151000
1062165518
1062181881
1062200269
1062214203
1062228651
1062242965
1062260544
1062275286
1062289469
1062300924
1062315718
1062330408
1062346967
1062363990
1062377774
1062394685
1062411843
1062430641
1062444910
1062458209
1062470955
1062486108
1062502456
1062516156
1062530235
1062544971
1062561586
1062576160
1062592700
1062608803
1062624731
1062639366
1062654120
1062669862
1062682766
1062699565
1062715891
1062729893
1062745991
1062757437
1062768345
1062786567
1062800837
1062818254
1062832314
1062847675
1062859314
1062877056
1062893422
1062912276
1062925166
1062937653
1062953328
1062965826
1062983678
1062998146
1063011264
1063029262
1063040941
1063053660
1063067453
1063083681
1063097575
1063110804
1063129216
1063142689
1063158220
1063174588
1063190515
1063206083
1063217509
1063231562
1063243217
1063259213
1063272892
1063285989
1063297915
1063316048
1063327857
1063344822
1063356941
1063371238
1063384776
1063397769
1063414654
1063428006
1063444824
1063460819
1063474200
1063493044
1063511820
1063528659
1063542860
1063556749
1063575512
1063592414
1063604064
1063614966
1063631815
1063645159
1063661159
1063673933
1063690652
1063706523
1063717388
1063730632
1063744728
1063756806
1063769585
1063780569
1063795959
1063810395
1063827253
1063840974
1063853424
1063866236
1063880720
1063894451
1063906162
1063919201
1063934658
1063953220
1063966041
1063981778
1063998388
1064015417
1064029531
1064040958
1064055970
1064070277
1064085576
1064096485
1064110453
1064121379
1064134066
1064148599
1064159919
1064178782
1064196593
1064210801
1064229482
1064241393
1064252784
1064266122
1064279921
1064295203
1064308079
1064326637
1064344614
1064357481
1064372749
1064390883
1064407251
1064425876
1064438876
1064456029
1064470953
1064487933
1064501625
1064516752
1064532432
1064548717
1064566200
1064579826
1064594894
1064611151
1064624659
1064636672
1064653148
1064669149
1064684321
1064701646
1064716624
1064732952
1064745341
1064758833
1064770342
1064781124
1064799672
1064810803
1064825470
1064837223
1064852605
1064868230
1064886462
1064899278
1064912761
1064926346
1064944715
1064959157
1064971680
1064984318
1065002060
1065014905
1065031690
1065044641
1065063271
1065079230
1065090699
1065109065
1065121007
1065139470
1065156876
1065168648
1065187315
1065204557
1065220703
1065231711
1065247787
1065262121
1065277434
1065288442
1065306272
1065321072
1065338503
1065350281
1065361529
1065374462
1065389046
1065400106
1065414641
1065430720
1065449259
1065462444
1065477480
1065493220
1065505801
1065518235
1065531565
1065549491
1065561137
1065574360
1065587465
1065604514
1065620634
1065634289
1065650071
1065668342
1065680243
1065699133
1065711575
1065728355
1065741798
1065760253
1065772843
1065785561
1065798840
1065813818
1065826636
1065841775
1065860285
1065876937
1065892718
1065909674
1065921702
1065936669
1065948893
1065967261
1065985893
1065998509
1066017161
1066033460
1066047123
1066059703
1066074166
1066085883
1066096983
1066115612
1066132212
1066147255
1066162755
1066177992
1066192666
1066205587
1066223865
1066241320
1066258243
1066272159
1066286551
1066304928
1066322378
1066338790
1066351619
1066366834
1066385705
1066396616
1066415337
1066428202
1066445386
1066462689
1066474383
1066492246
1066505151
1066519020
1066532913
1066544238
1066556598
1066575134
1066590981
1066601888
1066614155
1066625828
1066640654
1066659366
1066675370
1066688921
1066700700
1066713344
1066727378
1066744149
1066757864
1066772103
1066790255
1066808122
1066826504
1066844321
1066861154
1066877098
1066893267
1066909264
1066928022
1066946668
1066965542
1066976894
1066992980
1067010220
1067022527
1067033575
1067048416
1067062156
1067077360
1067089677
1067108518
1067122245
1067137215
1067153840
1067167401
1067179835
1067192417
1067208134
1067223048
1067234318
1067251803
1067266009
1067278157
1067294491
1067310347
1067324425
1067338481
1067352315
1067369002
1067384001
1067397756
1067410974
1067423359
1067439488
1067450308
1067467142
1067481246
1067497438
1067512381
1067527092
1067543364
1067559485
1067575485
1067587119
1067605185
1067621238
1067633431
1067644243
1067655397
1067666775
1067683640
1067698437
1067712055
1067723116
1067734866
1067748428
1067763948
1067778657
1067794817
1067809158
1067826407
1067844578
1067863360
1067880787
1067897945
1067911471
1067929694
1067944832
1067962112
1067974761
1067985730
1067997013
1068014761
1068026761
1068042169
1068055475
1068066374
1068079273
1068095650
1068110203
1068128943
1068141832
1068157504
1068172626
1068187497
1068204762
1068221795
1068236215
1068249716
1068267602
1068281656
1068294510
1068308958
1068327176
1068339150
1068351429
1068363941
1068382415
1068400161
1068413229
1068426026
1068444678
1068458604
1068471396
1068484031
1068501825
1068517974
1068533677
1068552492
1068567358
1068585619
1068603171
1068615373
1068632888
1068647452
1068658283
1068676454
1068689383
1068701381
1068713797
1068730065
1068741384
1068755858
1068774541
1068792037
1068804070
1068817466
1068832298
1068844710
1068861122
1068876708
1068890885
1068909577
1068921857
1068939772
1068951184
1068962377
1068979765
1068992141
1069003626
1069016192
1069028166
1069042064
1069058429
1069071634
1069086681
1069102897
1069118461
1069136196
1069148898
1069162446
1069178401
1069189323
1069200843
1069217518
1069235710
1069251706
1069265674
1069280267
1069298934
1069310705
1069327880
1069345655
1069357669
1069375759
1069388805
1069403124
1069414703
1069427431
1069440905
1069459432
1069478292
1069496596
1069511977
1069526231
1069541842
1069556756
1069575149
1069586786
1069602496
1069618491
1069635168
1069647398
1069664021
1069680208
1069692047
1069710869
1069722259
1069741199
1069759635
1069777271
1069794624
1069807985
1069821961
1069833166
1069851618
1069866915
1069884983
1069900066
1069917816
1069930819
1069948915
1069962261
1069980804
1069996698
1070013409
1070030808
1070042737
1070061364
1070075636
1070090818
1070105367
1070118331
1070131314
1070147638
1070162253
1070181151
1070197620
1070212289
1070223435
1070239672
1070257911
1070275944
1070291423
1070304733
1070318890
1070336649
1070349669
1070364458
1070377747
1070393445
1070404251
1070416749
1070432557
1070450917
1070466056
1070482424
1070496205
1070514788
1070525817
1070542531
1070556682
1070571391
1070586593
1070605424
1070624321
1070639280
1070654885
1070672141
1070690866
1070705894
1070722493
1070739969
1070755533
1070772579
1070790300
1070808624
1070825062
1070837783
1070852170
1070869465
1070883988
1070901506
1070917940
1070933751
1070950734
1070971620
1070988926
1071007245
1071024260
1071040715
1071054945
1071068804
1071084458
1071098474
1071115633
1071132223
1071150948
1071166949
1071185005
1071198390
1071215278
1071231402
1071247752
1071262476
1071278409
1071296761
1071313696
1071327932
1071343398
1071360669
1071376447
1071391705
1071402614
1071414381
1071428522
1071441629
1071457097
1071474650
1071489239
1071501797
1071519202
1071535478
1071547901
1071565230
1071583911
1071595804
1071612907
1071628885
1071644713
1071661806
1071677086
1071695402
1071706985
1071724222
1071740685
1071758767
1071770950
1071786080
1071799066
1071811657
1071822773
1071841574
1071856147
1071873246
1071886330
1071899059
1071911745
1071924234
1071938390
1071956241
1071973325
1071986767
1072004636
1072015591
1072027353
1072038724
1072050726
1072062197
1072074437
1072091473
1072106115
1072124024
1072142883
1072157933
1072175221
1072188278
1072205718
1072223724
1072238386
1072249687
1072267603
1072279148
1072291011
1072305328
1072319932
1072333511
1072347886
1072360394
1072373925
1072389062
1072407003
1072424266
1072436537
1072453465
1072465205
1072477570
1072494647
1072506537
1072522714
1072537240
1072549719
1072568493
1072584503
1072597857
1072614958
1072626365
1072639886
1072654358
1072672568
1072684613
1072700067
1072713472
1072728442
1072742617
1072762229
1072781084
1072792221
1072804141
1072818006
1072828854
1072846541
1072865455
1072878296
1072893463
1072906102
1072917348
1072934486
1072947161
1072963246
1072980588
1072999140
1073011798
1073022725
1073036225
1073051018
1073069095
1073088011
1073104818
1073117495
1073136051
1073150931
1073166923
1073181428
1073192566
1073209433
1073222271
1073241137
1073258293
1073271016
1073287352
1073302953
1073317337
1073331283
1073342558
1073355159
1073366812
1073384560
1073395909
1073413670
1073425892
1073437829
1073451351
1073466942
1073482630
1073493732
1073504582
1073520846
1073537168
1073552731
1073563524
1073576423
1073591194
1073604327
1073622866
1073635205
1073653565
1073665588
1073677062
1073690924
1073709841
1073723335
1073734233
1073747261
1073765973
1073780057
1073792639
1073808641
1073824007
1073839526
1073853851
1073866977
1073879218
1073897608
1073914682
1073930969
1073949361
1073962036
1073976776
1073995397
1074008159
1074019811
1074034194
1074047216
1074065268
1074078497
1074094476
1074107987
1074122186
1074138997
1074153378
1074168369
1074185375
1074199125
1074217001
1074229487
1074241927
1074255153
1074266486
1074283580
1074295210
1074307715
1074325111
1074340747
1074353014
1074370187
1074386546
1074400429
1074418404
1074437182
1074453074
1074469072
1074488271
1074502802
1074513672
1074524478
1074536526
1074547955
1074565003
1074581150
1074593766
1074608090
1074624418
1074639937
1074653177
1074664941
1074682291
1074696271
1074708568
1074727019
1074745810
1074763879
1074778337
1074796211
1074808339
1074825594
1074842346
1074858715
1074874170
1074886936
1074903536
1074920254
1074938674
1074954500
1074968218
1074983037
1074999659
1075016524
1075028991
1075045175
1075058220
1075070781
1075084387
1075101769
1075116526
1075131521
1075147980
1075161638
1075173339
1075184363
1075195255
1075210922
1075225167
1075241605
1075259312
1075276198
1075291543
1075309550
1075327553
1075345169
1075357187
1075372256
1075390135
1075407414
1075421469
1075434707
1075450457
1075466129
1075482258
1075500659
1075517418
1075533338
1075551414
1075567405
1075584611
1075595384
1075610428
1075622978
1075638408
1075653895
1075671736
1075684893
1075697781
1075716646
1075729562
1075741280
1075759615
1075776453
1075787216
1075802851
1075814722
1075829078
1075844452
1075862483
1075881147
1075892861
1075906459
1075918067
1075930436
1075945630
1075958196
1075974116
1075992434
1076006764
1076024512
1076043312
1076060902
1076078009
1076093657
1076111712
1076124944
1076143267
1076161350
1076174043
1076185047
1076200337
1076217661
1076233265
1076250426
1076261568
1076276232
1076293859
1076312530
1076328822
1076340442
1076356096
1076369446
1076382901
1076396009
1076409358
1076427841
1076443220
1076460518
1076472331
1076489088
1076505068
1076522860
1076539155
1076551617
1076563361
1076582171
1076598862
1076615731
1076631819
1076650711
1076666465
1076684692
1076702547
1076717287
1076735680
1076747344
1076763840
1076777141
1076792308
1076808277
1076825581
1076839012
1076852609
1076863874
1076878906
1076894644
1076906394
1076924847
1076939403
1076956986
1076972284
1076984455
1077002673
1077017866
1077030139
1077043548
1077060279
1077075863
1077094769
1077108623
1077126893
1077140551
1077152354
1077170570
1077188798
1077203500
1077215462
1077229615
1077240886
1077259543
1077276820
1077289872
1077307581
1077318450
1077330285
1077348579
1077361707
1077375160
1077388180
1077406521
1077419400
1077437260
1077449474
1077463393
1077478728
1077497060
1077510935
1077523876
1077542639
1077555913
1077569456
1077582512
1077597383
1077615915
1077631047
1077642795
1077655809
1077668091
1077681229
1077696544
1077713926
1077727768
1077739109
1077756730
1077770271
1077787588
1077803406
1077818582
1077830092
1077848527
1077865933
1077882467
1077896866
1077912995
1077928712
1077941183
1077958037
1077973447
1077987589
1078005096
1078017498
1078030221
1078043537
1078059198
1078071151
1078086816
1078101673
1078113071
1078125521
1078137900
1078152669
1078167910
1078180542
1078197625
1078216274
1078234019
1078247423
1078260793
1078277500
1078294341
1078311192
1078328580
1078343690
1078359124
1078374894
1078386768
1078401898
1078419472
1078431980
1078448836
1078460335
1078475375
1078490435
1078502123
1078513199
1078525565
1078542182
1078556532
1078573959
1078586324
1078603642
1078618401
1078636844
1078647953
1078660626
1078673807
1078690660
1078707562
1078724215
1078741891
1078757055
1078773640
1078790677
1078803417
1078817198
1078830350
1078846712
1078860842
1078876403
1078894550
1078908566
1078923092
1078940819
1078957680
1078970046
1078983906
1078997020
1079015777
1079031810
1079045825
1079057809
1079073724
1079085668
1079102797
1079118610
1079135007
1079146333
1079160997
1079172717
1079185724
1079198513
1079216582
1079230939
1079243076
1079256426
1079272751
1079285764
1079300077
1079315333
1079328817
1079343654
1079355832
1079368919
1079381453
1079396373
1079409003
1079424582
1079437390
1079455523
1079472467
1079489720
1079500516
1079516573
1079532409
1079548570
1079560349
1079576591
1079593123
1079604466
1079621219
1079634201
1079649276
1079665764
1079680408
1079698177
1079710332
1079721247
1079736767
1079751896
1079767668
1079784705
1079796289
1079808908
1079820259
1079831880
1079849804
1079868168
1079882859
1079900054
1079912619
1079924530
1079939480
1079952321
1079968439
1079983181
1079999963
1080014289
1080032011
1080047687
1080061501
1080074988
1080089171
1080100540
1080117557
1080129025
1080140745
1080155787
1080167863
1080186296
1080204655
1080223388
1080241742
1080253491
1080264847
1080277567
1080295362
1080312563
1080328389
1080342132
1080357282
1080371143
1080388334
1080406839
1080417686
1080435853
1080451980
1080467021
1080480130
1080495771
1080511720
1080524676
1080538949
1080555603
1080574043
1080586342
1080603238
1080614460
1080628994
1080641522
1080659778
1080673364
1080685670
1080703611
1080714422
1080729019
1080741588
1080753341
1080771921
1080782862
1080795883
1080807126
1080818963
1080830929
1080843111
1080854295
1080869130
1080887173
1080902294
1080916468
1080930892
1080943382
1080957992
1080972217
1080983038
1080999675
1081011358
1081025033
1081041613
1081061248
1081072796
1081088322
1081099572
1081117437
1081129518
1081142769
1081156434
1081169709
1081182841
1081201307
1081215226
1081230492
1081247948
1081262816
1081280748
1081297482
1081310917
1081323250
1081335695
1081352831
1081371652
1081387788
1081401123
1081416802
1081429624
1081448501
1081465080
1081481081
1081495025
1081512003
1081524310
1081537969
1081556709
1081575272
1081591369
1081605126
1081622254
1081640628
1081655685
1081667466
1081684208
1081695201
1081711929
1081730826
1081748128
1081762010
1081775574
1081788929
1081807796
1081826491
1081843106
1081854907
1081866143
1081880862
1081897332
1081911185
1081928590
1081939437
1081956693
1081975600
1081991830
1082009295
1082025477
1082040136
1082057627
1082070892
1082087654
1082098576
1082111529
1082122297
1082133587
1082145457
1082161741
1082173402
1082186706
1082200214
1082217532
1082229089
1082241440
1082254943
1082272142
1082285105
1082300633
1082316510
1082330023
1082341301
1082355479
1082367651
1082381301
1082397715
1082413339
1082431400
1082450176
1082467355
1082481822
1082494680
1082512256
1082530230
1082542098
1082556926
1082575367
1082588452
1082601676
1082617539
1082633519
1082647010
1082663136
1082681300
1082689593
1082700571
1082712849
1082729027
1082747442
1082759344
1082777345
1082792131
1082803372
1082814640
1082832153
1082849376
1082864381
1082881718
1082898228
1082914171
1082925641
1082943393
1082957931
1082971891
1082989159
1083002741
1083014490
1083027814
1083043701
1083056350
1083074064
1083090410
1083107712
1083125644
1083138907
1083152938
1083165009
1083177102
1083191981
1083204275
1083219478
1083236277
1083247970
1083260877
1083273483
1083284755
1083301311
1083315896
1083332347
1083351234
1083362320
1083377697
1083388942
1083407024
1083420670
1083436332
1083447806
1083463153
1083480660
1083497710
1083510140
1083524871
1083536141
1083547108
1083561860
1083579215
1083597446
1083613016
1083626106
1083640858
1083654928
1083668464
1083685709
1083704249
1083717310
1083728644
1083743841
1083762116
1083776599
1083787467
1083800982
1083819360
1083832804
1083846070
1083859472
1083875273
1083893702
1083912228
1083923374
1083936852
1083952083
1083964931
1083978954
1083995204
1084007648
1084026234
1084042457
1084059365
1084078252
1084094089
1084108470
1084125942
1084141996
1084155199
1084172853
1084187908
1084206518
1084222072
1084237470
1084256404
1084273175
1084287175
1084302848
1084317646
1084331649
1084343246
1084357903
1084375252
1084389829
1084403836
1084423846
1084438469
1084451720
1084464150
1084481486
1084500219
1084511903
1084522662
1084541364
1084553960
1084571673
1084585773
1084601810
1084614641
1084630856
1084646167
1084663023
1084678411
1084689374
1084700185
1084719032
1084732819
1084746933
1084759009
1084772930
1084787680
1084804016
1084822916
1084841403
1084859522
1084873020
1084890243
1084903929
1084915337
1084930403
1084941965
1084960130
1084975594
1084993012
1085010508
1085028063
1085038892
1085057220
1085070748
1085082617
1085095302
1085107040
1085120758
1085133809
1085151032
1085169713
1085181008
1085199918
1085217154
1085229263
1085244197
1085258391
1085269505
1085282081
1085298339
1085316254
1085333719
1085347709
1085364471
1085382277
1085393668
1085411021
1085428781
1085441644
1085458728
1085472847
1085491214
1085505402
1085517821
1085533735
1085545402
1085561549
1085577362
1085592454
1085605204
1085622512
1085637197
1085652497
1085667853
1085682987
1085698499
1085715153
1085730243
1085741191
1085752025
1085763706
1085779665
1085793130
1085804842
1085818278
1085829436
1085840392
1085853989
1085871353
1085890287
1085904778
1085915747
1085933861
1085945826
1085962580
1085977082
1085991821
1086008058
1086020953
1086035693
1086048058
1086062145
1086075574
1086088554
1086102025
1086117188
1086135344
1086150185
1086167860
1086182409
1086198817
1086216188
1086233839
1086246265
1086259374
1086271278
1086288605
1086306350
1086318439
1086333670
1086346047
1086357422
1086373618
1086389215
1086407550
1086422313
1086437114
1086450687
1086467445
1086481216
1086496823
1086514209
1086529625
1086546907
1086558893
1086572318
1086583660
1086595703
1086607313
1086619037
1086630863
1086642382
1086659627
1086673068
1086685120
1086698610
1086714341
1086729650
1086747288
1086758918
1086770514
1086783971
1086799204
1086813610
1086828802
1086845184
1086857289
1086872259
1086887130
1086900963
1086919762
1086930530
1086944501
1086955900
1086971578
1086987637
1087002377
1087019797
1087032861
1087047081
1087058178
1087073525
1087090705
1087105248
1087123125
1087134911
1087151078
1087168724
1087185256
1087197643
1087211320
1087229940
1087245273
1087259221
1087273151
1087287017
1087300198
1087314702
1087329681
1087345248
1087360344
1087376523
1087389724
1087406494
1087424927
1087436951
1087455157
1087471326
1087482875
1087496831
1087507888
1087519434
1087537542
1087552941
1087569221
1087582060
1087595808
1087614590
1087631645
1087646465
1087659182
1087674519
1087688508
1087701977
1087717526
1087733996
1087745323
1087762277
1087782374
1087794790
1087809422
1087822185
1087839379
1087850222
1087868748
1087880889
1087891802
1087903976
1087920492
1087932474
1087948281
1087962571
1087973579
1087991525
1088005880
1088018845
1088035384
1088048517
1088063640
1088082237
1088093721
1088104761
1088117717
1088129832
1088144772
1088158844
1088176393
1088192071
1088210993
1088226375
1088239609
1088256750
1088275489
1088288246
1088299031
1088310510
1088324539
1088341604
1088354897
1088370331
1088382865
1088399744
1088413285
1088426596
1088440297
1088457381
1088472119
1088484351
1088498896
1088516601
1088527726
1088546628
1088561883
1088579163
1088592483
1088606058
1088617049
1088632138
1088645666
1088664596
1088681214
1088692291
1088705787
1088718885
1088733149
1088744694
1088758652
1088771873
1088788098
1088806352
1088821691
1088832947
1088849859
1088861329
1088872200
1088883720
1088896454
1088913567
1088932291
1088947994
1088963326
1088981128
1088992443
1089008332
1089022252
1089039751
1089052660
1089066723
1089082059
1089100784
1089113730
1089129809
1089142452
1089154818
1089171981
1089183520
1089195007
1089211956
1089227454
1089242632
1089255521
1089270624
1089287782
1089302487
1089316760
1089334806
1089349709
1089368147
1089385842
1089402339
1089418965
1089438733
1089451453
1089470496
1089489292
1089506935
1089525313
1089537645
1089553518
1089571864
1089586492
1089600411
1089614846
1089630323
1089647280
1089660354
1089675013
1089689789
1089706590
1089719519
1089732082
1089743723
1089755811
1089772641
1089788270
1089802857
1089814205
1089830164
1089843992
1089858154
1089876906
1089891032
1089909139
1089920219
1089935855
1089953196
1089964087
1089981700
1090000434
1090017821
1090032436
1090045733
1090057877
1090076035
1090093020
1090110101
1090128833
1090141456
1090154793
1090166136
1090178121
1090193467
1090208024
1090223068
1090239740
1090257331
1090268804
1090283078
1090298350
1090314275
1090329046
1090344087
1090357237
1090375408
1090386497
1090397532
1090409223
1090423395
1090435472
1090446721
1090463236
1090478689
1090495136
1090507759
1090521900
1090534766
1090547855
1090566294
1090578041
1090595364
1090608041
1090621870
1090636955
1090655264
1090668114
1090678907
1090694362
1090706070
1090719707
1090736561
1090755197
1090769781
1090780536
1090795979
1090814620
1090830883
1090848643
1090860476
1090875267
1090886993
1090898105
1090909873
1090926596
1090944389
1090957761
1090970416
1090987102
1091006017
1091021403
1091038798
1091056050
1091071679
1091084461
1091095978
1091112266
1091131177
1091148611
1091161883
1091173871
1091190220
1091206573
1091219214
1091234620
1091250610
1091266664
1091281499
1091299463
1091312000
1091323224
1091340188
1091355248
1091367112
1091385220
1091398771
1091414105
1091432528
1091445484
1091456585
1091467612
1091484547
1091496097
1091512742
1091531669
1091547340
1091558440
1091570555
1091581522
1091597908
1091612744
1091630225
1091641156
1091654953
1091671475
1091688295
1091701719
1091720315
1091736379
1091749332
1091767345
1091778464
1091796779
1091807664
1091825347
1091838576
1091854196
1091867580
1091880767
1091894338
1091910768
1091921755
1091940485
1091955689
1091966663
1091979008
1091992935
1092010980
1092022778
1092036678
1092052480
1092065279
1092077314
1092088655
1092099689
1092110851
1092124700
1092140643
1092153654
1092167625
1092182098
1092195502
1092213774
1092226992
1092242689
1092254039
1092264897
1092276208
1092293272
1092305253
1092319631
1092334055
1092349735
1092361021
1092376190
1092393796
1092409430
1092423160
1092434304
1092446967
1092459891
1092478237
1092491080
1092509390
1092523108
1092541422
1092556999
1092569065
1092582020
1092598565
1092611056
1092624747
1092640193
1092658926
1092672291
1092686200
1092698353
1092711407
1092722384
1092737113
1092754681
1092772567
1092789240
1092806287
1092817549
1092834660
1092846737
1092861261
1092876946
1092893599
1092910297
1092922134
1092934937
1092949877
1092965763
1092978391
1092993441
1093006696
1093019073
1093037419
1093051826
1093070060
1093088106
1093104812
1093122432
1093138904
1093150814
1093163906
1093182026
1093193811
1093209184
1093223214
1093239870
1093252531
1093270401
1093286491
1093304285
1093318138
1093336796
1093352555
1093368074
1093383682
1093402589
1093418784
1093434781
1093445596
1093463392
1093480698
1093498346
1093514973
1093530268
1093542962
1093559152
1093572736
1093585362
1093599230
1093609982
1093625248
1093638611
1093656697
1093672993
1093684470
1093701460
1093716635
1093733341
1093746180
1093762164
1093779213
1093791567
1093810194
1093822844
1093840777
1093857583
1093870063
1093882548
1093894156
1093906029
1093921606
1093935291
1093947861
1093965502
1093979844
1093991138
1094004077
1094021000
1094034752
1094048624
1094062527
1094075100
1094089079
1094105993
1094123941
1094138474
1094157029
1094173605
1094187103
1094200830
1094218751
1094233785
1094251594
1094264132
1094279883
1094297466
1094313228
1094326548
1094337671
1094354827
1094369343
1094382025
1094394257
1094406468
1094417540
1094429853
1094445119
1094463755
1094474603
1094491379
1094502881
1094517355
1094530388
1094544350
1094560228
1094578861
1094589713
1094602273
1094618750
1094637156
1094652496
1094669727
1094681928
1094698326
1094710149
1094721721
1094740215
1094755307
1094769091
1094786925
1094805739
1094820023
1094835922
1094848195
1094866566
1094877544
1094896384
1094908441
1094925474
1094937589
1094952249
1094968689
1094981237
1094995357
1095012300
1095024653
1095037223
1095051012
1095062247
1095073646
1095085523
1095102919
1095117458
1095131148
1095145264
1095162859
1095181349
1095197700
1095209260
1095227161
1095239042
1095250914
1095262258
1095279812
1095296572
1095311938
1095329457
1095343457
1095359005
1095374136
1095387723
1095402604
1095417590
1095431717
1095448762
1095467269
1095480021
1095491314
1095503065
1095517725
1095529041
1095545951
1095560285
1095571523
1095587445
1095602207
1095614388
1095629994
1095648477
1095661621
1095675386
1095687820
1095702354
1095723611
1095734801
1095752114
1095766067
1095779977
1095797880
1095811348
1095827525
1095842854
1095853643
1095868009
1095881044
1095893152
1095904851
1095916590
1095934030
1095949753
1095963779
1095981999
1095999273
1096014069
1096030180
1096046128
1096061661
1096077858
1096090633
1096106714
1096122872
1096139357
1096157818
1096172164
1096189867
1096205833
1096217394
1096230921
1096246759
1096260980
1096274245
1096291495
1096307993
1096320530
1096332295
1096347641
1096365365
1096383340
1096397630
1096408551
1096422320
1096437094
1096449263
1096464534
1096483304
1096496516
1096508532
1096523711
1096539892
1096555908
1096568145
1096583678
1096596810
1096611958
1096627574
1096645804
1096663658
1096677496
1096692252
1096704622
1096722024
1096734745
1096749224
1096760783
1096772723
1096786907
1096800728
1096813241
1096831335
1096845042
1096861719
1096878414
1096893047
1096906144
1096922438
1096940811
1096952379
1096969523
1096982804
1097000299
1097012314
1097026600
1097042110
1097055630
1097071667
1097087842
1097101702
1097119043
1097132148
1097147135
1097158320
1097170641
1097185087
1097203983
1097220953
1097238614
1097253844
1097272060
1097284213
1097296178
1097312699
1097325550
1097337563
1097353773
1097367662
1097383273
1097395180
1097412347
1097423869
1097442369
1097455317
1097466562
1097483543
1097494302
1097510028
1097523387
1097539633
1097551044
1097566659
1097580137
1097591303
1097607052
1097625983
1097638021
1097656824
1097670352
1097681535
1097696619
1097715121
1097732493
1097747132
1097762244
1097777802
1097792436
1097805433
1097819781
1097836474
1097851787
1097868019
1097879507
1097891530
1097908846
1097927550
1097940711
1097954627
1097967058
1097985386
1097999176
1098011095
1098028577
1098046516
1098065403
1098082775
1098095137
1098106982
1098123954
1098138729
1098153864
1098168826
1098181428
1098196882
1098208019
1098226920
1098239341
1098254664
1098271298
1098285412
1098297959
1098308984
1098324004
1098337622
1098351264
1098366455
1098381192
1098394960
1098412355
1098428683
1098443014
1098457590
1098471068
1098483619
1098502319
1098515591
1098532391
1098543509
1098559140
1098571349
1098589990
1098605408
1098617843
1098633237
1098647722
1098661779
1098680166
1098692811
1098708037
1098723241
1098738550
1098754821
1098769450
1098783055
1098799893
1098816349
1098834085
1098845867
1098859772
1098870920
1098885914
1098902301
1098920538
1098931762
1098950703
1098969333
1098980147
1098994442
1099010442
1099027944
1099040355
1099058002
1099070563
1099091410
1099104638
1099115469
1099131671
1099151366
1099164334
1099177420
1099193143
1099210905
1099223588
1099237701
1099254465
1099271538
1099286531
1099304530
1099319812
1099337154
1099352627
1099366151
1099385066
1099401863
1099420199
1099437884
1099455146
1099472276
1099488384
1099501987
1099516461
1099534230
1099548526
1099559649
1099575610
1099588644
1099606986
1099620607
1099631643
1099647437
1099661208
1099677046
1099693638
1099709211
1099721079
1099739673
1099757965
1099769518
1099786027
1099798276
1099809556
1099820704
1099833989
1099849866
1099864380
1099877434
1099893685
1099907993
1099925309
1099939236
1099957899
1099973800
1099988862
1100001077
1100018206
1100036536
1100049730
1100061451
1100078378
1100092092
1100106494
1100122049
1100135625
1100151927
1100165702
1100182286
1100199890
1100215078
1100232355
1100245220
1100260212
1100275566
1100287106
1100298983
1100315587
1100327080
1100344459
1100359740
1100372358
1100383498
1100401359
1100418965
1100433473
1100450266
1100464797
1100483540
1100494854
1100506296
1100521132
1100532642
1100549574
1100565580
1100579661
1100593170
1100607541
1100621005
1100635440
1100647440
1100658520
1100674648
1100691595
1100708485
1100724988
1100737185
1100756123
1100771200
1100782098
1100801035
1100815129
1100833469
1100849324
1100864906
1100879927
1100892295
1100909956
1100923305
1100937535
1100949606
1100964165
1100977258
1100989754
1101004392
1101015740
1101030395
1101042883
1101056968
1101075883
1101088484
1101102508
1101120824
1101131726
1101142801
1101155545
1101173748
1101185366
1101203449
1101221230
1101234941
1101249032
1101261130
1101278760
1101292475
1101303426
1101316647
1101330216
1101347942
1101359371
1101377023
1101393506
1101405822
1101418343
1101434701
1101447323
1101458478
1101470350
1101489287
1101504280
1101519947
1101535920
1101554574
1101565649
1101584324
1101600120
1101616052
1101634973
1101651615
1101669448
1101684654
1101698339
1101714310
1101725770
1101743051
1101758411
1101776051
1101787906
1101800713
1101814936
1101832757
1101850474
1101861919
1101873809
1101886923
1101898733
1101915674
1101929279
1101942643
1101961431
1101974529
1101988157
1102003975
1102018433
1102032642
1102046556
1102064355
1102082172
1102097105
1102115381
1102130094
1102148323
1102160718
1102173453
1102188295
1102199837
1102212552
1102227703
1102241555
1102258935
1102275235
1102293881
1102305597
1102316819
1102329189
1102340443
1102352097
1102370675
1102387271
1102404459
1102420584
1102438113
1102449645
1102465436
1102480146
1102495514
1102512549
1102531250
1102542931
1102561705
1102573890
1102588582
1102605960
1102620234
1102632374
1102645843
1102664280
1102677206
1102695514
1102713948
1102731111
1102748632
1102767539
1102781766
1102796719
1102811003
1102827266
1102845368
1102861851
1102874095
1102892037
1102910647
1102929386
1102943716
1102960908
1102973979
1102987803
1103004734
1103020185
1103037282
1103052359
1103069501
1103083326
1103098224
1103111547
1103122973
1103136604
1103147790
1103165854
1103177564
1103192162
1103209888
1103225553
1103244278
1103257455
1103273226
1103291430
1103306159
1103321802
1103340616
1103355501
1103370674
1103386322
1103404977
1103417330
1103430517
1103448757
1103461696
1103478102
1103494145
1103505947
1103518775
1103533110
1103543867
1103562513
1103579125
1103591697
1103610231
1103621003
1103638849
1103654402
1103671712
1103688891
1103705864
1103716950
1103730111
1103745300
1103758662
1103773304
1103787835
1103805324
1103819676
1103835720
1103850826
1103865178
1103883734
1103898175
1103913009
1103925175
1103940009
1103953652
1103970685
1103986114
1104003880
1104014989
1104027916
1104044185
1104060200
1104077664
1104090050
1104101154
1104119224
1104133144
1104147274
1104166159
1104184402
1104196461
1104209487
1104225152
1104242186
1104259398
1104275747
1104287538
1104299615
1104318459
1104337393
1104353659
1104364879
1104382068
1104395467
1104408684
1104422551
1104436373
1104452560
1104467456
1104479073
1104490281
1104505885
1104523664
1104541541
1104556062
1104571286
1104583235
1104601505
1104613143
1104629387
1104641748
1104656141
1104670914
1104685748
1104702886
1104719863
1104736670
1104750363
1104762458
1104779603
1104794606
1104807292
1104824156
1104837530
1104849347
1104866612
1104882440
1104900688
1104912959
1104925389
1104941974
1104954647
1104967579
1104984989
1105002289
1105013818
1105031120
1105050042
1105066552
1105077677
1105092315
1105107343
1105122569
1105141209
1105154820
1105171493
1105186069
1105198297
1105216607
1105229874
1105246557
1105258132
1105270963
1105282325
1105298711
1105316920
1105334285
1105349967
1105362754
1105374355
1105385389
1105400896
1105413849
1105425726
1105442690
1105461034
1105473078
1105485467
1105502570
1105518860
1105530339
1105544962
1105556266
1105573126
1105589285
1105600570
1105611754
1105626317
1105644024
1105659362
1105676801
1105692156
1105704529
1105719929
1105731192
1105746662
1105758346
1105771127
1105782901
1105800945
1105814781
1105827810
1105844579
1105859450
1105877501
1105890121
1105906100
1105922552
1105934648
1105955673
1105974130
1105986054
1106002636
1106016912
1106035024
1106051208
1106069740
1106087820
1106101361
1106116354
1106132080
1106149191
1106167462
1106178905
1106194533
1106210404
1106226773
1106243117
1106254668
1106265912
1106280031
1106291537
1106306952
1106321983
1106335969
1106349363
1106363356
1106374974
1106392924
1106406440
1106422176
1106437772
1106453425
1106465410
1106482195
1106499837
1106515614
1106532803
1106544172
1106556520
1106572744
1106590118
1106601507
1106617880
1106633555
1106647719
1106665463
1106680483
1106699146
1106712089
1106727962
1106739545
1106754743
1106768801
1106786791
1106801169
1106817273
1106828407
1106840775
1106853741
1106864739
1106876293
1106893215
1106905090
1106916817
1106931177
1106947682
1106965266
1106978861
1106992573
1107003652
1107014983
1107027651
1107038732
1107050200
1107063213
1107076924
1107088600
1107100509
1107114042
1107132568
1107145597
1107161779
1107176823
1107189107
1107200683
1107213803
1107226425
1107242147
1107256243
1107273779
1107289501
1107303081
1107320243
1107337337
1107348963
1107367226
1107379985
1107394856
1107411730
1107422608
1107440708
1107455739
1107473050
1107489588
1107500749
1107516372
1107534299
1107549526
1107567373
1107579472
1107594774
1107605562
1107618147
1107635329
1107650398
1107666865
1107678071
1107697008
1107714449
1107731300
1107743674
1107754675
1107772848
1107786675
1107803428
1107821265
1107832614
1107844272
1107860751
1107876891
1107895062
1107907793
1107923150
1107941298
1107956875
1107970420
1107989231
1108007964
1108026199
1108041293
1108052919
1108067098
1108081443
1108097604
1108109655
1108121516
1108138106
1108152017
1108165573
1108178861
1108190747
1108201981
1108215181
1108232984
1108249411
1108264810
1108278379
1108289676
1108306859
1108322487
1108337925
1108354989
1108366983
1108383479
1108397353
1108410924
1108422494
1108436531
1108451838
1108462960
1108477085
1108491023
1108507179
1108520425
1108532667
1108547490
1108561470
1108577531
1108594195
1108607404
1108618180
1108630564
1108648228
1108663375
1108674468
1108692437
1108710870
1108725715
1108741604
1108753432
1108766339
1108784962
1108800540
1108816794
1108827676
1108841057
1108857965
1108871699
1108889426
1108904397
1108920370
1108935254
1108951971
1108966430
1108982361
1108999385
1109013916
1109028152
1109044646
1109060673
1109071486
1109084616
1109102134
1109114030
1109132465
1109144000
1109156589
1109173060
1109188088
1109200511
1109215064
1109227083
1109242774
1109261545
1109278860
1109295810
1109307410
1109324751
1109341664
1109358565
1109371028
1109391321
1109403790
1109418009
1109435617
1109452770
1109469003
1109482626
1109493682
1109506314
1109523375
1109535344
1109547805
1109563013
1109578805
1109596531
1109611938
1109623265
1109641539
1109659744
1109673053
1109689394
1109700601
1109716316
1109727336
1109741042
1109758453
1109773932
1109789064
1109806662
1109818451
1109831557
1109849375
1109863136
1109880875
1109898966
1109911834
1109927855
1109940072
1109953148
1109970873
1109988472
1110000251
1110017862
1110035666
1110052621
1110066356
1110081479
1110097366
1110112377
1110123570
1110137453
1110155205
1110172961
1110188795
1110199732
1110215834
1110233838
1110247661
1110264144
1110276518
1110289108
1110300542
1110318671
1110334071
1110351121
1110368645
1110381543
1110396420
1110413810
1110428829
1110440282
1110453438
1110465369
1110476425
1110493055
1110507082
1110520949
1110536799
1110550025
1110562802
1110573903
1110590012
1110605799
1110623448
1110636720
1110650253
1110668980
1110682950
1110698692
1110716666
1110733452
1110744652
1110760006
1110775675
1110794172
1110806047
1110823998
1110839987
1110855082
1110870921
1110883658
1110894541
1110911378
1110928738
1110940612
1110951730
1110964417
1110979513
1110998415
1111009601
1111024389
1111035207
1111048073
1111065403
1111079916
1111098127
1111114050
1111125176
1111145654
1111159728
1111178641
1111195404
1111208862
1111222518
1111239164
1111252254
1111268872
1111283363
1111298808
1111312143
1111326889
1111343444
1111356751
1111370451
1111386742
1111402979
1111420367
1111435116
1111448795
1111462710
1111478966
1111495033
1111508810
1111521563
1111536315
1111550462
1111567768
1111578799
1111595621
1111607184
1111623993
1111640666
1111658560
1111671468
1111689697
1111702972
1111716692
1111729100
1111744676
1111760467
1111777481
1111793676
1111807945
1111821686
1111832794
1111850069
1111868823
1111887041
1111901036
1111919582
1111937317
1111953695
1111969882
1111983676
1112000876
1112014932
1112027020
1112040935
1112057795
1112071531
1112084730
1112098344
1112111606
1112129855
1112148146
1112164077
1112182825
1112198958
1112213774
1112229584
1112245011
1112261040
1112272147
1112289730
1112308442
1112323842
1112341716
1112354652
1112367339
1112385326
1112397410
1112411688
1112424816
1112437348
1112448169
1112464308
1112477965
1112493289
1112511872
1112529015
1112542235
1112558093
1112570450
1112588615
1112601568
1112615022
1112631133
1112649610
1112664876
1112679538
1112695675
1112712192
1112726349
1112742881
1112761694
1112774759
1112789978
1112808426
1112820288
1112833523
1112849282
1112861729
1112875183
1112888513
1112901619
1112916590
1112929133
1112944542
1112962038
1112975090
1112986637
1113005268
1113019493
1113033186
1113050946
1113068467
1113084768
1113103374
1113116179
1113130729
1113147235
1113158505
1113173335
1113185377
1113201884
1113216988
1113234336
1113250965
1113269757
1113287209
1113300816
1113318377
1113336143
1113353272
1113369116
1113387043
1113405564
1113424119
1113440128
1113452131
1113470630
1113482270
1113499801
1113513673
1113526746
1113538205
1113551055
1113562746
1113580063
1113597175
1113615541
1113632504
1113649627
1113661143
1113677876
1113688794
1113707344
1113724540
1113740372
1113752995
1113766084
1113783242
1113796867
1113814658
1113825818
1113837206
1113850531
1113869314
1113880619
1113897386
1113908259
1113921100
1113935560
1113953339
1113967161
1113984450
1113999195
1114016352
1114034192
1114052987
1114064926
1114077659
1114094319
1114107291
1114118590
1114135853
1114151463
1114166751
1114179283
1114190261
1114207370
1114223768
1114235153
1114249449
1114266266
1114279631
1114298170
1114315883
1114334794
1114346364
1114364197
1114379121
1114390323
1114408235
1114419832
1114437768
1114454901
1114466553
1114477760
1114491781
1114503921
1114515361
1114529366
1114549812
1114565369
1114582491
1114599129
1114611863
1114629787
1114648214
1114666040
1114681704
1114700304
1114715754
1114729453
1114740955
1114756545
1114773317
1114788024
1114802379
1114815500
1114829675
1114847454
1114862957
1114874046
1114887358
1114901115
1114914929
1114929026
1114942392
1114959166
1114974407
1114987581
1114999467
1115010365
1115023693
1115041854
1115054319
1115072521
1115090570
1115108436
1115121933
1115135339
1115148575
1115161875
1115176566
1115188309
1115203769
1115220439
1115238497
1115249351
1115261483
1115279802
1115295830
1115314095
1115324958
1115336392
1115350178
1115367497
1115379981
1115395838
1115412585
1115428835
1115446692
1115458551
1115476189
1115489506
1115506507
1115517326
1115531662
1115543143
1115559114
1115570460
1115583595
1115597115
1115609882
1115624640
1115637225
1115649838
1115668441
1115686609
1115701033
1115717596
1115736286
1115754194
1115767287
1115783973
1115796757
1115810235
1115829596
1115848054
1115864577
1115876352
1115890161
1115908593
1115925454
1115943714
1115955069
1115970455
1115988653
1115999952
1116018407
1116032496
1116044621
1116059453
1116072529
1116088520
1116102232
1116113688
1116129045
1116146825
1116163527
1116181017
1116193107
1116208634
1116224580
1116241027
1116256539
1116267988
1116284191
1116302157
1116318032
1116334157
1116349447
1116367115
1116385114
1116397095
1116413834
1116429691
1116443829
1116458779
1116472676
1116487159
1116500027
1116517155
1116532779
1116546658
1116561656
1116574764
1116587669
1116601602
1116612405
1116627410
1116642051
1116659064
1116672987
1116689616
1116704369
1116721769
1116734715
1116752103
1116769510
1116784303
1116800555
1116816048
1116827847
1116845436
1116856522
1116867555
1116886335
1116901441
1116917547
1116929350
1116944803
1116958969
1116977805
1116988638
1117005712
1117019440
1117035674
1117049150
1117062841
1117078078
1117091561
1117110360
1117127940
1117146857
1117160325
1117178209
1117195841
1117213860
1117232646
1117248166
1117266444
1117278562
1117295712
1117311390
1117323341
1117342226
1117359535
1117375225
1117393985
1117409951
1117424854
1117440041
1117455729
1117473052
1117490886
1117508452
1117525256
1117539015
1117551568
1117569682
1117584359
1117602720
1117619307
1117632250
1117650910
1117662085
1117673444
1117686506
1117698101
1117715930
1117731425
1117743646
1117760231
1117772818
1117785615
1117798351
1117810662
1117827654
1117838518
1117851594
1117868161
1117879688
1117893917
1117911432
1117925886
1117938336
1117952876
1117968543
1117979835
1117995423
1118013265
1118031614
1118048666
1118059449
1118076437
1118087640
1118104090
1118120779
1118136701
1118148601
1118164205
1118177465
1118195895
1118210417
1118223380
1118238659
1118253538
1118269394
1118282474
1118301105
1118316431
1118328795
1118344753
1118359388
1118376222
1118392967
1118411613
1118422579
1118436333
1118451331
1118464998
1118482955
1118497274
1118511580
1118530254
1118543551
1118560594
1118575090
1118587225
1118598349
1118609946
1118627916
1118639602
1118653446
1118671965
1118684675
1118695790
1118714293
1118725943
1118739510
1118750717
1118766296
1118784190
1118800360
1118813606
1118832037
1118844082
1118862847
1118874374
1118888486
1118901684
1118914242
1118928158
1118941345
1118959180
1118976713
1118988439
1118999235
1119014132
1119030101
1119046832
1119062454
1119074616
1119090058
1119105526
1119123188
1119138132
1119155054
1119165875
1119179155
1119190570
1119203097
1119217606
1119231525
1119243815
1119257275
1119274911
1119293739
1119310845
1119321787
1119336076
1119354741
1119372320
1119390921
1119404976
1119422638
1119436150
1119452990
1119470238
1119482815
1119496210
1119514576
1119525625
1119539915
1119553423
1119570311
1119585059
1119600209
1119618568
1119634050
1119647581
1119661878
1119679845
1119693007
1119710829
1119724533
1119738382
1119756653
1119771962
1119787370
1119799626
1119814660
1119828713
1119846142
1119861542
1119873897
1119892826
1119905259
1119918418
1119932068
1119947854
1119964309
1119975420
1119989639
1120008461
1120019938
1120037171
1120053749
1120065016
1120078732
1120092626
1120107744
1120119098
1120132920
1120148568
1120162433
1120180909
1120199751
1120214931
1120230288
1120243925
1120260959
1120278439
1120294044
1120306591
1120323563
1120334405
1120346131
1120360058
1120377294
1120392379
1120404880
1120418664
1120436289
1120450759
1120467484
1120480202
1120491958
1120507205
1120525251
1120540893
1120558381
1120569282
1120586912
1120597734
1120613974
1120625880
1120637180
1120651647
1120662762
1120675311
1120689151
1120704107
1120722471
1120740824
1120751902
1120764513
1120775858
1120788592
1120806374
1120817641
1120836035
1120850862
1120868219
1120882468
1120894825
1120907472
1120922912
1120938332
1120956860
1120972188
1120990564
1121006292
1121022695
1121035832
1121053788
1121069148
1121086258
1121103313
1121122071
1121136658
1121154236
1121169479
1121181619
1121195674
1121214533
1121232169
1121248062
1121264021
1121282057
1121299931
1121312102
1121329023
1121342771
1121359926
1121374904
1121388953
1121400170
1121414844
1121429226
1121447460
1121460978
1121473493
1121492336
1121504322
1121519027
1121537493
1121550694
1121568328
1121583999
1121600234
1121614794
1121626821
1121642875
1121653882
1121670405
1121688002
1121704230
1121719292
1121735064
1121746391
1121758739
1121771334
1121782709
1121795870
1121809589
1121825235
1121844137
1121856132
1121873639
1121884758
1121903569
1121915414
1121929893
1121946496
1121961303
1121974385
1121987302
1121998243
1122011260
1122022839
1122040704
1122059568
1122072256
1122085777
1122102406
1122113816
1122129216
1122148845
1122161771
1122177510
1122193665
1122206513
1122219963
1122237655
1122255026
1122273022
1122287470
1122305974
1122324441
1122339664
1122353723
1122368894
1122385689
1122398274
1122412607
1122426386
1122442881
1122459004
1122475519
1122492740
1122503675
1122519728
1122535290
1122546317
1122564694
1122581920
1122599108
1122613581
1122630892
1122648655
1122666541
1122681179
1122697489
1122709540
1122724912
1122743201
1122760577
1122775240
1122787530
1122804408
1122823014
1122841923
1122859726
1122875433
1122888873
1122902781
1122914916
1122930778
1122947109
1122962106
1122979963
1122996377
1123015045
1123032837
1123047671
1123059963
1123072461
1123085149
1123100358
1123112513
1123128011
1123143338
1123159984
1123176439
1123195202
1123210285
1123223529
1123239528
1123251325
1123264383
1123276338
1123293636
1123307237
1123323434
1123338883
1123354398
1123371651
1123385683
1123399883
1123416841
1123427928
1123441240
1123459869
1123471708
1123487377
1123501462
1123519447
1123532478
1123549624
1123567612
1123585821
1123602325
1123613540
1123630357
1123643111
1123657194
1123669886
1123687486
1123702805
1123714783
1123727074
1123744208
1123759467
1123773290
1123787933
1123801222
1123818490
1123830619
1123843959
1123861989
1123872848
1123884595
1123897653
1123910864
1123929595
1123940719
1123954264
1123969882
1123981619
1123995482
1124011338
1124029835
1124043277
1124056189
1124072400
1124087132
1124099851
1124117680
1124136112
1124149918
1124164770
1124182938
1124193836
1124207156
1124218365
1124233513
1124247757
1124263228
1124276357
1124288626
1124300978
1124312967
1124324700
1124335763
1124347099
1124359032
1124369824
1124382956
1124397520
1124408423
1124419451
1124433658
1124447597
1124458379
1124475447
1124491499
1124503195
1124515987
1124530310
1124544267
1124555376
1124572597
1124589464
1124608202
1124623751
1124638172
1124650469
1124662017
1124677438
1124689020
1124706646
1124718143
1124735411
1124749873
1124768183
1124780817
1124793860
1124807233
1124823240
1124842097
1124853236
1124866312
1124877687
1124894892
1124908109
1124926532
1124941062
1124953130
1124970924
1124985977
1125002679
1125018549
1125036271
1125048660
1125062263
1125074535
1125085913
1125103765
1125119497
1125135263
1125152031
1125169905
1125182705
1125198991
1125215383
1125227218
1125245796
1125256800
1125273142
1125287771
1125299958
1125310969
1125326303
1125341395
1125354012
1125364895
1125375705
1125391376
1125404713
1125420709
1125432624
1125451478
1125462925
1125481666
1125498342
1125511995
1125528845
1125541692
1125554519
1125566713
1125579731
1125594247
1125608050
1125621173
1125635123
1125651317
1125665994
1125684674
1125701547
1125718393
1125736829
1125748564
1125761246
1125776486
1125793538
1125809556
1125837626
1125856276
1125870316
1125887159
1125900881
1125912455
1125927912
1125945291
1125961506
1125974903
1125987266
1126004945
1126021720
1126039942
1126052013
1126066172
1126084134
1126100774
1126116039
1126128169
1126139847
1126155518
1126167116
1126183907
1126202783
1126213852
1126230640
1126241440
1126257142
1126271842
1126288744
1126304892
1126317953
1126331698
1126346414
1126360336
1126377812
1126395836
1126411822
1126426083
1126437906
1126456385
1126470031
1126488166
1126499810
1126512867
1126527678
1126544603
1126558388
1126573498
1126589282
1126607123
1126620572
1126635195
1126651035
1126668625
1126684565
1126697052
1126710973
1126724508
1126739655
1126753797
1126765558
1126778864
1126790757
1126807009
1126819010
1126837523
1126856018
1126867042
1126882981
1126899617
1126916390
1126930611
1126948628
1126960398
1126973843
1126991872
1127009655
1127023448
1127040136
1127055526
1127068804
1127087053
1127105436
1127119177
1127137012
1127152873
1127169490
1127180314
1127198369
1127216873
1127232172
1127245494
1127261711
1127278683
1127291814
1127305987
1127318768
1127333075
1127347699
1127366191
1127384898
1127398305
1127412572
1127431166
1127442483
1127455688
1127473422
1127489834
1127502752
1127516773
1127532445
1127549175
1127565041
1127584443
1127597097
1127614418
1127629316
1127641187
1127659904
1127674837
1127691784
1127704702
1127723246
1127735074
1127747573
1127762094
1127773235
1127790874
1127809500
1127827163
1127843851
1127858670
1127869706
1127886308
1127904246
1127919850
1127936627
1127954751
1127969370
1127982267
1127996487
1128011130
1128027257
1128039506
1128054000
1128069218
1128087317
1128101531
1128117147
1128131447
1128149474
1128162551
1128176772
1128189196
1128200604
1128217293
1128233986
1128247873
1128258751
1128275919
1128291999
1128306148
1128322527
1128341005
1128355318
1128369992
1128389700
1128408075
1128426021
1128438459
1128450468
1128461648
1128479910
1128491322
1128505451
1128520126
1128533925
1128548020
1128566571
1128582818
1128601436
1128613558
1128624383
1128636355
1128651278
1128666111
1128680308
1128697494
1128712862
1128726225
1128744906
1128760175
1128779100
1128793307
1128810576
1128823891
1128839511
1128856888
1128874128
1128891374
1128908944
1128921714
1128933493
1128950664
1128961570
1128977788
1128994789
1129010948
1129029860
1129041859
1129056665
1129070446
1129083495
1129100836
1129112346
1129129274
1129146702
1129161375
1129175962
1129192815
1129208810
1129226926
1129240852
1129258306
1129274438
1129291376
1129302985
1129318583
1129332821
1129343714
1129355672
1129373479
1129390148
1129408015
1129421397
1129435073
1129452204
1129465572
1129481430
1129492935
1129509799
1129522931
1129541659
1129557873
1129574476
1129587801
1129604090
1129616996
1129634516
1129648266
1129660610
1129671417
1129685515
1129702748
1129715855
1129734256
1129750029
1129768225
1129784146
1129802064
1129818238
1129831253
1129846013
1129859010
1129870798
1129883899
1129902590
1129920243
1129937792
1129955208
1129969031
1129986601
1130004788
1130021692
1130035207
1130048276
1130059818
1130077380
1130090446
1130101888
1130114296
1130129533
1130144846
1130159209
1130171824
1130189547
1130203888
1130221945
1130235139
1130245996
1130257575
1130272005
1130288894
1130305614
1130322670
1130338905
1130357250
1130375769
1130390413
1130402608
1130416302
1130428019
1130445553
1130460989
1130476784
1130488754
1130504851
1130523305
1130534558
1130551105
1130564039
1130582733
1130594616
1130607086
1130623220
1130639088
1130655650
1130668283
1130682709
1130695081
1130710870
1130728943
1130739707
1130752977
1130767379
1130784574
1130798853
1130815757
1130830216
1130848758
1130866477
1130882889
1130899569
1130911855
1130928670
1130940696
1130957488
1130975352
1130991708
1131006438
1131024915
1131040737
1131059599
1131073721
1131089381
1131104180
1131119580
1131132329
1131146204
1131162426
1131173516
1131191446
1131207639
1131223812
1131242216
1131260667
1131276743
1131294463
1131312543
1131327444
1131343242
1131355606
1131374381
1131390020
1131406769
1131425372
1131436295
1131454447
1131467680
1131483958
1131501753
1131515717
1131530351
1131547855
1131560875
1131576662
1131590161
1131606710
1131620372
1131634375
1131646856
1131660999
1131675093
1131687984
1131705981
1131717877
1131735729
1131750806
1131761627
1131775645
1131790942
1131801781
1131813452
1131824873
1131841400
1131853387
1131867223
1131885797
1131904334
1131923109
1131934695
1131947350
1131964300
1131981582
1131994590
1132011319
1132028388
1132046864
1132059225
1132075364
1132092302
1132108310
1132120245
1132133494
1132150133
1132167364
1132186053
1132203099
1132221798
1132239200
1132255910
1132273344
1132287906
1132301345
1132316855
1132332704
1132347242
1132365289
1132381397
1132397101
1132411024
1132429651
1132442868
1132459756
1132473315
1132491950
1132503690
1132516069
1132531168
1132544760
1132557916
1132572433
1132585906
1132600495
1132615961
1132631844
1132649401
1132665906
1132681472
1132698243
1132716143
1132728352
1132739541
1132754487
1132770224
1132788408
1132802965
1132819326
1132837426
1132851882
1132864594
1132876744
1132891544
1132908993
1132920538
1132931577
1132948821
1132966362
1132978202
1132989014
1132999840
1133014323
1133025772
1133037617
1133053759
1133068957
1133079948
1133098761
1133112422
1133131227
1133143891
1133158501
1133172911
1133187211
1133202499
1133216897
1133231656
1133246603
1133264975
1133276541
1133287954
1133300328
1133315128
1133331601
1133349832
1133363724
1133375050
1133393648
1133402691
1133419042
1133436191
1133447588
1133459972
1133471813
1133485092
1133497797
1133511975
1133525973
1133539676
1133554315
1133572849
1133584533
1133599036
1133616326
1133632958
1133646350
1133662332
1133675340
1133687437
1133702359
1133714882
1133729597
1133743754
1133757670
1133772294
1133786491
1133805047
1133819742
1133833043
1133848778
1133859796
1133876612
1133888489
1133900249
1133917035
1133930498
1133943925
1133961484
1133977236
1133988841
1134007064
1134022001
1134037652
1134048404
1134061235
1134079882
1134097681
1134109147
1134120141
1134136882
1134147820
1134165419
1134183681
1134198676
1134213859
1134232441
1134248999
1134264167
1134282234
1134297218
1134310883
1134326112
1134337220
1134349945
1134368843
1134386781
1134397697
1134408630
1134426591
1134437970
1134455641
1134466517
1134481007
1134493659
1134508505
1134526130
1134538427
1134550688
1134564882
1134578108
1134594625
1134610273
1134626001
1134639748
1134658623
1134677143
1134690621
1134708373
1134726836
1134744327
1134755781
1134767484
1134784066
1134798487
1134816622
1134831565
1134847543
1134862345
1134880895
1134892483
1134906393
1134922337
1134941134
1134952587
1134964081
1134978460
1134996535
1135015377
1135033457
1135051159
1135066186
1135084719
1135100701
1135115933
1135128116
1135139982
1135151272
1135163630
1135178794
1135192122
1135210606
1135223910
1135241226
1135254469
1135265575
1135282056
1135294603
1135309827
1135327081
1135342591
1135360667
1135371866
1135390703
1135404413
1135416157
1135428887
1135446596
1135459221
1135473044
1135489886
1135503629
1135518738
1135533463
1135550118
1135565710
1135579181
1135596794
1135608256
1135626874
1135641704
1135659913
1135674898
1135688258
1135707172
1135724738
1135736621
1135755361
1135771619
1135788586
1135806356
1135821646
1135837215
1135854228
1135868336
1135879311
1135890731
1135908963
1135922220
1135932998
1135949953
1135968012
1135980816
1135992906
1136005849
1136018508
1136036604
1136053718
1136069668
1136085843
1136104117
1136121883
1136139790
1136153118
1136164473
1136175833
1136187217
1136202845
1136217321
1136230156
1136244939
1136260087
1136277633
1136289340
1136305818
1136319128
1136335032
1136353375
1136369568
1136380332
1136395420
1136408843
1136421642
1136434934
1136446526
1136462958
1136477822
1136492909
1136509163
1136520670
1136539383
1136555667
1136570509
1136581911
1136592772
1136604539
1136617797
1136630124
1136646590
1136662006
1136680605
1136695141
1136706674
1136721315
1136734357
1136751363
1136766198
1136778065
1136789623
1136804101
1136816567
1136832914
1136847675
1136860163
1136876762
1136890536
1136906645
1136919552
1136930670
1136943621
1136960624
1136975201
1136987861
1137000312
1137017115
1137032137
1137043848
1137062535
1137073535
1137087360
1137105547
1137119217
1137137384
1137151328
1137162654
1137180767
1137191729
1137208165
1137224490
1137239867
1137254110
1137269973
1137284808
1137297943
1137309081
1137323064
1137335981
1137349650
1137366042
1137381161
1137393429
1137406182
1137418742
1137431456
1137447914
1137463339
1137477708
1137492619
1137509345
1137526878
1137543544
1137554723
1137567662
1137582552
1137598442
1137616496
1137631866
1137647917
1137664942
1137683462
1137698164
1137712543
1137725537
1137739673
1137753772
1137768815
1137782008
1137794661
1137812487
1137827734
1137845968
1137856754
1137870296
1137885451
1137900330
1137919172
1137935616
1137950430
1137962519
1137974774
1137990995
1138002871
1138019873
1138031697
1138048226
1138060837
1138074286
1138086674
1138101326
1138115127
1138130349
1138142565
1138159747
1138172794
1138187149
1138202111
1138218119
1138234812
1138250120
1138263047
1138276015
1138291492
1138309172
1138321060
1138333727
1138350630
1138365404
1138379655
1138397989
1138416386
1138428147
1138448511
1138460014
1138477188
1138494404
1138508404
1138522398
1138535369
1138549588
1138561972
1138580605
1138597874
1138612505
1138623462
1138641825
1138660132
1138672657
1138685268
1138698976
1138714564
1138725678
1138738745
1138752244
1138767555
1138782711
1138800552
1138817662
1138829520
1138844655
1138856426
1138871947
1138890098
1138908273
1138920036
1138935076
1138951054
1138965524
1138977245
1138992076
1139004116
1139019323
1139030154
1139046982
1139061278
1139073218
1139090900
1139104734
1139120787
1139134960
1139150307
1139165251
1139181417
1139196180
1139208173
1139224222
1139240789
1139259341
1139278282
1139291374
1139308954
1139320558
1139334082
1139346263
1139360948
1139375845
1139393561
1139408470
1139424640
1139440788
1139452359
1139463191
1139478505
1139490667
1139506702
1139523656
1139541082
1139554380
1139570528
1139587478
1139604448
1139615747
1139628347
1139639558
1139651841
1139665858
1139679701
1139690689
1139706642
1139721445
1139732570
1139746485
1139762102
1139780256
1139791590
1139805266
1139821282
1139834158
1139846102
1139864361
1139881902
1139898012
1139912821
1139925303
1139943286
1139958377
1139975971
1139990799
1140009620
1140023365
1140037073
1140051831
1140068349
1140079810
1140094367
1140108630
1140126674
1140143449
1140164463
1140178486
1140196117
1140208310
1140223956
1140237995
1140256682
1140269581
1140282462
1140296041
1140310151
1140324830
1140338880
1140351686
1140370518
1140387191
1140405019
1140423122
1140436889
1140455039
1140472589
1140485566
1140504187
1140520025
1140532808
1140548281
1140560178
1140578869
1140596572
1140609976
1140622058
1140632839
1140644274
1140659262
1140677228
1140696046
1140711033
1140728314
1140740243
1140754946
1140770993
1140783500
1140797449
1140813336
1140824707
1140835904
1140850476
1140864099
1140875284
1140889740
1140904282
1140921301
1140937427
1140950916
1140966596
1140977593
1140989318
1141004002
1141018069
1141029120
1141043997
1141061345
1141074878
1141091271
1141102269
1141119510
1141135921
1141151523
1141162594
1141177741
1141195697
1141211918
1141225561
1141239685
1141257140
1141271142
1141288758
1141306090
1141321414
1141336140
1141347521
1141365323
1141379513
1141390936
1141408309
1141423281
1141435940
1141451557
1141470025
1141484530
1141496875
1141512099
1141527293
1141544976
1141557595
1141575201
1141587485
1141599310
1141612851
1141630602
1141642984
1141661678
1141676910
1141691246
1141708494
1141726940
1141744491
1141756714
1141772988
1141785704
1141806651
1141821630
1141838793
1141855469
1141868776
1141883130
1141899858
1141916219
1141929881
1141945880
1141963894
1141980205
1141993001
1142003834
1142017020
1142034162
1142049180
1142063871
1142080060
1142092094
1142107476
1142125819
1142136949
1142152103
1142164502
1142183340
1142202006
1142215399
1142230588
1142243131
1142258410
1142275360
1142289498
1142305500
1142318190
1142331952
1142344080
1142360077
1142377864
1142393785
1142409406
1142422060
1142433321
1142445667
1142458917
1142477365
1142490348
1142502004
1142520015
1142538639
1142555257
1142570891
1142589608
1142604674
1142623029
1142637687
1142651040
1142661874
1142675103
1142693018
1142708886
1142722831
1142741594
1142753122
1142763944
1142781434
1142795269
1142809919
1142828297
1142841538
1142860462
1142875416
1142888280
1142900721
1142913931
1142930040
1142946871
1142963391
1142977955
1142990749
1143007031
1143019448
1143035714
1143054287
1143066559
1143084297
1143096328
1143110958
1143124566
1143140174
1143152271
1143170461
1143187516
1143200907
1143219481
1143235507
1143250153
1143263743
1143274638
1143286829
1143305185
1143321794
1143336286
1143347043
1143364226
1143382694
1143394089
1143404932
1143421140
1143433023
1143447753
1143461576
1143476031
1143488748
1143501985
1143515408
1143526995
1143544400
1143560118
1143574086
1143587930
1143601814
1143613805
1143630243
1143643659
1143656929
1143673304
1143691790
1143704623
1143717074
1143731099
1143742733
1143753835
1143769215
1143782552
1143798397
1143810994
1143822459
1143837023
1143853246
1143870613
1143885673
1143899465
1143911360
1143924160
1143938790
1143953560
1143969010
1143986851
1144001868
1144015430
1144030465
1144047882
1144062060
1144079427
1144095266
1144107152
1144123997
1144141999
1144160673
1144176475
1144193237
1144210985
1144227223
1144240758
1144252392
1144270360
1144287481
1144301056
1144316445
1144334597
1144352569
1144370829
1144388472
1144400403
1144417146
1144434148
1144445557
1144460210
1144476968
1144492199
1144508638
1144526047
1144543398
1144561784
1144575192
1144588707
1144606537
1144620636
1144635266
1144650106
1144662065
1144677248
1144689684
1144705062
1144715972
1144732456
1144744339
1144761046
1144771804
1144783273
1144798455
1144809826
1144828300
1144846330
1144859333
1144876150
1144891779
1144904976
1144920171
1144932121
1144950936
1144964364
1144976300
1144993804
1145004930
1145022970
1145037527
1145052935
1145069351
1145084058
1145096565
1145108760
1145122577
1145134114
1145149357
1145167506
1145178449
1145192924
1145205365
1145221514
1145232420
1145250562
1145264660
1145282672
1145298456
1145313519
1145328411
1145345264
1145362263
1145376972
1145390030
1145406294
1145420283
1145436980
1145454366
1145470010
1145483074
1145501449
1145514977
1145526375
1145543343
1145558398
1145575524
1145591630
1145608321
1145620802
1145639677
1145652780
1145663628
1145676992
1145694459
1145712170
1145723686
1145739674
1145751092
1145763975
1145776265
1145793408
1145811085
1145829180
1145840393
1145857117
1145870041
1145885199
1145898137
1145914365
1145929231
1145943400
1145955056
1145969415
1145980924
1145992392
1146011267
1146030080
1146047153
1146058501
1146071081
1146084646
1146098663
1146115310
1146128027
1146145769
1146160728
1146172180
1146187149
1146204010
1146215617
1146228195
1146244616
1146262799
1146277695
1146295998
1146307008
1146320419
1146334293
1146352803
1146371555
1146387020
1146400421
1146414860
1146431479
1146443710
1146456261
1146472966
1146489658
1146507659
1146521061
1146536003
1146549109
1146562116
1146576908
1146591496
1146606951
1146621961
1146638565
1146656580
1146670028
1146685292
1146701523
1146719703
1146736113
1146752511
1146766048
1146779134
1146794338
1146807081
1146825720
1146840159
1146851550
1146867851
1146883284
1146900301
1146913220
1146928214
1146941328
1146957520
1146975052
1146992322
1147005172
1147022602
1147039528
1147056841
1147070867
1147088036
1147100838
1147114629
1147131964
1147145236
1147163178
1147176535
1147189027
1147201131
1147216697
1147233310
1147251766
1147264498
1147277825
1147291471
1147307766
1147321306
1147335273
1147348898
1147366208
1147377455
1147393038
1147404737
1147419802
1147434484
1147449126
1147462333
1147476785
1147491146
1147503117
1147521409
1147533335
1147544284
1147557966
1147571259
1147587500
1147601901
1147616695
1147628576
1147642605
1147659318
1147672309
1147690399
1147703181
1147721964
1147735002
1147749237
1147761570
1147773481
1147785355
1147798947
1147813197
1147830287
1147842445
1147856647
1147871093
1147884103
1147897516
1147913879
1147925364
1147939384
1147954951
1147971023
1147983341
1147998423
1148014534
1148027793
1148046085
1148062052
1148075624
1148087069
1148100681
1148114163
1148127825
1148141839
1148160369
1148176989
1148195154
1148210631
1148225320
1148238870
1148257340
1148269331
1148282958
1148295168
1148310309
1148323660
1148335529
1148354337
1148371293
1148383225
1148397977
1148413008
1148426970
1148442602
1148455503
1148470178
1148488751
1148502282
1148514768
1148532492
1148546873
1148557665
1148569221
1148585541
1148598702
1148614521
1148625908
1148639889
1148651864
1148666775
1148677994
1148692375
1148704939
1148723469
1148735199
1148748856
1148760726
1148772985
1148788314
1148806066
1148818922
1148835460
1148850075
1148866333
1148877677
1148896426
1148909844
1148920674
1148937823
1148956500
1148973020
1148984295
1149000135
1149012298
1149027873
1149038791
1149051836
1149069163
1149082501
1149099086
1149116050
1149134626
1149145757
1149159936
1149174188
1149187510
1149206337
1149224315
1149241195
1149253987
1149267187
1149283192
1149298954
1149314324
1149332324
1149345641
1149356420
1149371657
1149390320
1149406609
1149425452
1149442465
1149461151
1149473809
1149491223
1149503698
1149521307
1149539647
1149556300
1149571520
1149590326
1149606810
1149620570
1149636216
1149652947
1149666549
1149678050
1149689867
1149702292
1149718966
1149733922
1149748681
1149763066
1149778338
1149793217
1149809731
1149825204
1149841325
1149856057
1149874887
1149890039
1149903588
1149914489
1149929993
1149947272
1149959479
1149973169
1149991791
1150004924
1150016117
1150027713
1150039153
1150053007
1150067021
1150085505
1150103665
1150116439
1150131856
1150147181
1150162184
1150180281
1150193683
1150210694
1150227180
1150240639
1150257007
1150273928
1150286836
1150300733
1150319145
1150332240
1150350004
1150362505
1150379744
1150392116
1150408305
1150425084
1150436191
1150449665
1150461973
1150480007
1150497951
1150515290
1150529049
1150543513
1150558289
1150571511
1150582524
1150600641
1150612463
1150628532
1150646835
1150662424
1150673909
1150689456
1150703073
1150720848
1150732332
1150746614
1150757875
1150772310
1150790365
1150802520
1150818019
1150836640
1150854772
1150869072
1150882662
1150901241
1150916250
1150927520
1150944441
1150958075
1150973976
1150990521
1151002084
1151013955
1151029874
1151046310
1151061164
1151077240
1151091519
1151106284
1151118967
1151136951
1151155744
1151170181
1151183554
1151196672
1151211608
1151230403
1151244949
1151263125
1151276158
1151292039
1151304395
1151320991
1151332015
1151348325
1151363149
1151376807
1151390908
1151405815
1151423052
1151435293
1151451248
1151464333
1151476080
1151490508
1151506674
1151521941
1151537083
1151554367
1151569614
1151582174
1151593255
1151611136
1151630067
1151645582
1151662023
1151677655
1151691012
1151705602
1151718812
1151731322
1151748068
1151761259
1151779629
1151791517
1151809141
1151824789
1151837115
1151855889
1151867045
1151880373
1151891370
1151906400
1151921845
1151938575
1151953713
1151971360
1151983227
1151995447
1152007134
1152020821
1152037989
1152054205
1152071781
1152082989
1152096602
1152110996
1152130044
1152146015
1152164109
1152180133
1152191079
1152207027
1152225850
1152239852
1152257671
1152269973
1152281664
1152295836
1152309942
1152321310
1152338865
1152357764
1152374696
1152386132
1152403378
1152419731
1152434503
1152446290
1152459545
1152478437
1152490178
1152508929
1152521334
1152539968
1152554379
1152568737
1152581459
1152598777
1152613357
1152631772
1152643643
1152657589
1152671111
1152685317
1152703183
1152720661
1152736990
1152748566
1152759717
1152777266
1152795617
1152806421
1152817776
1152830543
1152846073
1152857406
1152869480
1152884413
1152902415
1152920668
1152931720
1152948192
1152963815
1152978328
1152994563
1153007379
1153025241
1153042976
1153055550
1153066491
1153080530
1153098925
1153115177
1153126022
1153139351
1153154841
1153171379
1153182993
1153197842
1153208603
1153219869
1153237212
1153255800
1153267526
1153285105
1153300458
1153313169
1153329987
1153348369
1153363621
1153380989
1153398723
1153416019
1153430343
1153443854
1153461607
1153478604
1153496158
1153514875
1153529121
1153541431
1153554024
1153565244
1153580008
1153593717
1153604561
1153616155
1153630270
1153643810
1153656902
1153667927
1153685599
1153699616
1153711021
1153729188
1153745871
1153757629
1153775483
1153786415
1153797851
1153810969
1153828992
1153844107
1153860938
1153876859
1153890809
1153909214
1153926598
1153943497
1153959245
1153972417
1153985198
1154003915
1154019337
1154030596
1154042109
1154057933
1154071793
1154086687
1154099497
1154111156
1154129186
1154145335
1154162122
1154173884
1154186836
1154198402
1154209895
1154223975
1154241159
1154255177
1154272269
1154284514
1154302643
1154321360
1154332967
1154350811
1154364249
1154379484
1154396665
1154412762
1154431053
1154446656
1154464556
1154479200
1154494641
1154511023
1154526638
1154540675
1154556208
1154571697
1154584945
1154598030
1154609222
1154623105
1154639594
1154654851
1154667503
1154683448
1154700048
1154718145
1154733978
1154745819
1154759104
1154770942
1154784354
1154796899
1154808971
1154825448
1154839006
1154850496
1154864572
1154880787
1154895612
1154908542
1154925861
1154936635
1154953850
1154964783
1154979229
1154996682
1155014726
1155032315
1155044175
1155057560
1155068315
1155082517
1155094769
1155105574
1155121904
1155140178
1155159064
1155176263
1155193675
1155211557
1155223322
1155239810
1155257867
1155274553
1155290565
1155302723
1155319996
1155334000
1155350673
1155367653
1155380800
1155399171
1155413887
1155429769
1155444839
1155456427
1155470190
1155488475
1155500266
1155513664
1155529007
1155541044
1155559892
1155577716
1155592741
1155608713
1155623629
1155638901
1155651819
1155667611
1155685888
1155702271
1155714013
1155732222
1155743045
1155757126
1155771693
1155787866
1155806115
1155819565
1155834409
1155847910
1155863678
1155878772
1155892458
1155903716
1155922519
1155938552
1155956155
1155970853
1155988164
1156003258
1156017201
1156028791
1156039939
1156056350
1156067178
1156085514
1156098884
1156113730
1156129796
1156142930
1156161005
1156177406
1156189188
1156206118
1156223262
1156235127
1156251073
1156269631
1156285815
1156298176
1156311396
1156326044
1156344434
1156358010
1156369478
1156380564
1156398786
1156415209
1156429570
1156447948
1156460382
1156474676
1156489151
1156500656
1156519244
1156530102
1156545816
1156557813
1156576343
1156589861
1156604831
1156619124
1156633766
1156647299
1156664189
1156680172
1156697618
1156710976
1156727859
1156741277
1156754780
1156773295
1156791678
1156805153
1156822547
1156837083
1156853798
1156865080
1156879565
1156896549
1156910697
1156923687
1156940015
1156956285
1156975133
1156993601
1157010382
1157026589
1157042416
1157058299
1157071686
1157086296
1157100578
1157116053
1157128782
1157146884
1157161276
1157180576
1157194651
1157210313
1157222389
1157234475
1157252840
1157266805
1157284833
1157300092
1157317478
1157329891
1157347754
1157362551
1157379338
1157398067
1157413562
1157426839
1157442100
1157460929
1157474129
1157492006
1157505126
1157521206
1157539454
1157554825
1157568813
1157586623
1157604095
1157619882
1157630691
1157646128
1157664680
1157680068
1157694254
1157712236
1157730718
1157748870
1157765223
1157782976
1157798534
1157816123
1157827035
1157844220
1157855197
1157872732
1157888607
1157903842
1157914901
1157925703
1157943189
1157961528
1157974561
1157989330
1158000551
1158011883
1158026662
1158040319
1158056198
1158071298
1158083216
1158101113
1158114990
1158126079
1158137961
1158150927
1158165031
1158180129
1158195667
1158210253
1158229075
1158243733
1158255269
1158272976
1158283823
1158296094
1158312163
1158323624
1158341243
1158357370
1158369436
1158381029
1158399761
1158413700
1158427977
1158439983
1158455957
1158474737
1158491182
1158506557
1158522216
1158534622
1158545623
1158556842
1158572691
1158584657
1158600342
1158614523
1158625283
1158641951
1158656807
1158669774
1158680790
1158697360
1158708178
1158726753
1158741394
1158756135
1158768586
1158786170
1158801578
1158818815
1158836271
1158853317
1158870957
1158885754
1158901267
1158920994
1158934519
1158946785
1158959989
1158972587
1158988012
1159006559
1159021389
1159035236
1159049762
1159068499
1159085727
1159098878
1159112609
1159125959
1159142554
1159157035
1159170805
1159188946
1159202784
1159213901
1159230451
1159242086
1159257659
1159275126
1159286568
1159299960
1159318436
1159330420
1159344431
1159361582
1159373309
1159390177
1159407147
1159425129
1159441079
1159457087
1159468104
1159486039
1159503011
1159516801
1159534510
1159552061
1159567215
1159579864
1159595793
1159608565
1159622148
1159633530
1159646661
1159659075
1159677464
1159693298
1159705594
1159719995
1159735127
1159749291
1159764604
1159775628
1159786570
1159797679
1159813776
1159828900
1159846266
1159863166
1159873918
1159891918
1159907483
1159925769
1159937252
1159953027
1159971672
1159988837
1160003974
1160022803
1160039125
1160054077
1160070125
1160084698
1160097861
1160109252
1160127462
1160138592
1160156831
1160169614
1160182117
1160198523
1160212475
1160229317
1160247104
1160264329
1160279354
1160295297
1160307160
1160324270
1160335600
1160354156
1160364996
1160376215
1160390084
1160402316
1160414172
1160431104
1160448618
1160460814
1160474850
1160486967
1160500728
1160515296
1160530275
1160541935
1160555608
1160568380
1160581000
1160595916
1160610034
1160628554
1160645105
1160662535
1160674330
1160686127
1160700169
1160717770
1160735677
1160747677
1160759606
1160772445
1160791011
1160804741
1160820900
1160833410
1160847610
1160862395
1160875647
1160891941
1160903225
1160917117
1160934076
1160946754
1160962342
1160977828
1160991386
1161007794
1161019582
1161037271
1161049624
1161067042
1161078549
1161089422
1161105108
1161123612
1161140737
1161152566
1161166439
1161177704
1161191743
1161210215
1161222394
1161235888
1161250499
1161262312
1161276269
1161288726
1161307033
1161318073
1161336554
1161354003
1161369679
1161386896
1161403529
1161415387
1161429379
1161441151
1161459353
1161474659
1161485685
1161502106
1161513583
1161531047
1161545744
1161564051
1161581511
1161594537
1161610093
1161628562
1161639640
1161654110
1161666327
1161685007
1161699831
1161717084
1161732279
1161743609
1161758143
1161769563
1161785177
1161798040
1161816359
1161831076
1161846226
1161859617
1161873504
1161890132
1161905044
1161918976
1161931451
1161947858
1161960340
1161972828
1161987734
1162004852
1162020921
1162039233
1162056087
1162068505
1162080817
1162092174
1162103707
1162117699
1162134588
1162151523
1162167123
1162178313
1162189368
1162200567
1162218933
1162230615
1162248715
1162264221
1162278734
1162292161
1162309408
1162325323
1162343972
1162361626
1162376208
1162394381
1162407130
1162423252
1162436075
1162454571
1162471219
1162482459
1162499604
1162511117
1162524724
1162542013
1162560629
1162575448
1162586762
1162603724
1162615467
1162631819
1162646154
1162664705
1162680994
1162699864
1162718799
1162737016
1162755698
1162774295
1162785246
1162802673
1162818783
1162834808
1162848478
1162863343
1162880585
1162896423
1162913631
1162928356
1162940346
1162957542
1162969521
1162986797
1163004392
1163018267
1163033361
1163047250
1163061546
1163073638
1163084730
1163103039
1163119285
1163134299
1163150703
1163164088
1163182515
1163200938
1163218963
1163231989
1163248346
1163263878
1163280615
1163294567
1163307857
1163326436
1163339433
1163356591
1163371394
1163389579
1163402457
1163416689
1163429483
1163446215
1163460393
1163476899
1163493735
1163511487
1163523932
1163536303
1163547380
1163566129
1163582924
1163599789
1163614481
1163629695
1163640728
1163655634
1163671658
1163689434
1163703454
1163720018
1163738232
1163750393
1163765542
1163781888
1163794567
1163810382
1163823631
1163838091
1163852856
1163867500
1163886043
1163899070
1163911171
1163927889
1163941419
1163954408
1163970458
1163986467
1164004728
1164015645
1164028090
1164045235
1164060044
1164073767
1164086078
1164104302
1164121551
1164132938
1164147237
1164159122
1164173206
1164189840
1164201010
1164216861
1164228652
1164242979
1164261405
1164274144
1164289528
1164303731
1164317553
1164332358
1164349598
1164362003
1164377474
1164393516
1164410229
1164421105
1164438601
1164450809
1164467996
1164486266
1164500789
1164511913
1164524136
1164542226
1164555133
1164572159
1164587073
1164599525
1164615017
1164631599
1164649358
1164667804
1164682060
1164700329
1164714431
1164732985
1164745595
1164760375
1164775950
1164794348
1164807260
1164825984
1164841640
1164852676
1164870451
1164882238
1164900852
1164919519
1164937598
1164952102
1164966108
1164981292
1164999674
1165016384
1165028815
1165041723
1165053764
1165065685
1165079352
1165093987
1165112073
1165127019
1165138639
1165156488
1165168923
1165186954
1165200886
1165216187
1165232276
1165244407
1165258180
1165274770
1165291891
1165306304
1165321453
1165337874
1165353741
1165367737
1165386416
1165401444
1165416867
1165429062
1165440599
1165455450
1165467294
1165484178
1165500537
1165514918
1165526795
1165539699
1165553221
1165570820
1165587911
1165604483
1165620457
1165639193
1165655601
1165669102
1165681015
1165695227
1165713083
1165731031
1165749968
1165766687
1165781200
1165800079
1165818405
1165835831
1165850975
1165863646
1165878412
1165896885
1165912066
1165926414
1165943090
1165956346
1165970045
1165987584
1165999607
1166013095
1166028628
1166046151
1166061522
1166074908
1166089380
1166106045
1166124819
1166142133
1166154134
1166167129
1166185139
1166199763
1166214651
1166226847
1166244572
1166260842
1166277473
1166293072
1166305306
1166321741
1166337122
1166354181
1166368368
1166384796
1166398384
1166412578
1166431003
1166449544
1166463965
1166476113
1166487113
1166500849
1166514964
1166531771
1166544639
1166559496
1166577005
1166594683
1166610912
1166621947
1166640341
1166656934
1166669598
1166685436
1166699898
1166717862
1166734146
1166749138
1166766550
1166777977
1166794634
1166807679
1166823382
1166841480
1166855072
1166870490
1166886406
1166897491
1166912792
1166930889
1166948125
1166959361
1166971275
1166990111
1167003723
1167021389
1167037077
1167053588
1167066343
1167080100
1167094955
1167111930
1167125995
1167140087
1167154891
1167173386
1167185481
1167201214
1167216238
1167231655
1167244780
1167260601
1167273407
1167286001
1167302277
1167315541
1167331248
1167345602
1167362029
1167377393
1167396102
1167412026
1167424937
1167437028
1167450571
1167464816
1167479205
1167497671
1167516523
1167532642
1167548800
1167563346
1167580186
1167592481
1167607531
1167623833
1167635494
1167649146
1167663222
1167675709
1167687106
1167701256
1167715229
1167729398
1167743660
1167756923
1167775238
1167789461
1167804876
1167816036
1167829965
1167848124
1167864936
1167876125
1167892636
1167909496
1167920960
1167933879
1167952430
1167964455
1167976936
1167988386
1168002425
1168020978
1168034025
1168051780
1168065820
1168081561
1168094719
1168105594
1168119459
1168131880
1168147254
1168162970
1168175621
1168188848
1168206163
1168222370
1168240681
1168258710
1168271002
1168284256
1168297665
1168311001
1168322384
1168335572
1168347957
1168364906
1168383839
1168399669
1168417152
1168428046
1168442276
1168454570
1168468128
1168486066
1168501732
1168516138
1168531938
1168545860
1168557851
1168576348
1168587158
1168605465
1168618374
1168634851
1168647827
1168663229
1168679057
1168694670
1168712213
1168730131
1168748803
1168760332
1168774638
1168786068
1168799056
1168811986
1168829710
1168848258
1168860883
1168872699
1168887867
1168900932
1168918137
1168934606
1168946399
1168963002
1168976991
1168988568
1169002094
1169020464
1169035212
1169049042
1169062587
1169077440
1169090519
1169101379
1169118373
1169129441
1169146577
1169165886
1169181239
1169198986
1169211987
1169224644
1169238292
1169255191
1169269052
1169285483
1169303815
1169317249
1169335776
1169348654
1169366000
1169384084
1169399272
1169416250
1169429416
1169442356
1169455474
1169471810
1169490593
1169501535
1169515819
1169530193
1169542551
1169553664
1169565638
1169576576
1169590592
1169603126
1169617882
1169633253
1169644429
1169661718
1169675682
1169692890
1169705749
1169716789
1169733903
1169751634
1169768112
1169781631
1169795971
1169811773
1169827097
1169846005
1169863656
1169875187
1169893036
1169907159
1169923957
1169941608
1169953374
1169968678
1169979681
1169997206
1170010534
1170025271
1170042153
1170054289
1170069761
1170083503
1170101797
1170118545
1170131596
1170143742
1170156280
1170170180
1170188793
1170204223
1170215530
1170228985
1170246177
1170263123
1170275311
1170290351
1170308069
1170325299
1170343796
1170356722
1170371955
1170390843
1170409062
1170427694
1170444307
1170456140
1170467452
1170478995
1170494905
1170513100
1170529799
1170544954
1170560431
1170575615
1170589491
1170604560
1170615972
1170627035
1170642602
1170659874
1170671193
1170688477
1170703387
1170714934
1170733523
1170749147
1170761215
1170775793
1170789268
1170803220
1170817753
1170836418
1170849747
1170862570
1170875442
1170891258
1170906176
1170917892
1170933974
1170952373
1170963212
1170977947
1170993814
1171007599
1171026394
1171039034
1171054305
1171071890
1171084554
1171096010
1171111553
1171127288
1171144019
1171159760
1171175636
1171189807
1171204255
1171222160
1171235057
1171250924
1171265909
1171278490
1171293388
1171309577
1171322584
1171336550
1171354469
1171366152
1171383730
1171399112
1171416914
1171430202
1171448478
1171466285
1171481545
1171495936
1171509105
1171526278
1171539884
1171552351
1171568850
1171583707
1171597962
1171612383
1171628292
1171643626
1171655139
1171669533
1171687299
1171701795
1171719261
1171733728
1171751954
1171764868
1171779097
1171794334
1171806737
1171824667
1171835455
1171848494
1171860383
1171874757
1171886595
1171898807
1171915000
1171930981
1171946559
1171964475
1171976866
1171995331
1172012253
1172026633
1172040052
1172053674
1172064700
1172078353
1172093665
1172109243
1172124063
1172142107
1172154559
1172170468
1172185974
1172199134
1172217688
1172230375
1172249173
1172262755
1172275699
1172291772
1172310456
1172323162
1172337591
1172350224
1172369010
1172379858
1172395463
1172410971
1172422271
1172437656
1172453709
1172470983
1172488248
1172503896
1172516544
1172529306
1172544065
1172558708
1172576257
1172587266
1172598179
1172616316
1172630092
1172644806
1172656115
1172671755
1172682829
1172698259
1172709573
1172725700
1172744399
1172763055
1172777817
1172790284
1172804139
1172822685
1172838990
1172855451
1172866797
1172882751
1172899211
1172915708
1172932843
1172949542
1172966732
1172979601
1172998042
1173011240
1173026756
1173044082
1173057362
1173073565
1173091060
1173105803
1173119810
1173135757
1173150802
1173167382
1173182089
1173200332
1173212054
1173228278
1173247024
1173262542
1173279461
1173291079
1173308565
1173323741
1173335815
1173350395
1173363425
1173379320
1173397646
1173409341
1173422891
1173434204
1173452002
1173463254
1173475677
1173489815
1173504494
1173516248
1173527681
1173540763
1173552105
1173566040
1173577999
1173590217
1173601405
1173613822
1173632077
1173647887
1173665424
1173679734
1173691417
1173707527
1173724701
1173742693
1173757271
1173768608
1173784152
1173799714
1173816810
1173833988
1173848065
1173862008
1173876139
1173887652
1173905177
1173922471
1173934921
1173948457
1173965324
1173979585
1173996809
1174007983
1174019114
1174036814
1174054049
1174072894
1174089355
1174103068
1174121416
1174135926
1174150573
1174162644
1174174399
1174185826
1174199078
1174216872
1174228381
1174246543
1174264799
1174278955
1174295261
1174309981
1174328832
1174347419
1174364100
1174374898
1174387790
1174406092
1174423198
1174440626
1174452312
1174470845
1174488453
1174503037
1174521777
1174534526
1174546018
1174562332
1174573317
1174588650
1174602317
1174616368
1174634866
1174653681
1174665558
1174680019
1174694378
1174710824
1174727378
1174740092
1174756410
1174770852
1174788057
1174804793
1174818595
1174836035
1174847447
1174859701
1174870939
1174882181
1174894020
1174908105
1174919066
1174931249
1174948795
1174966709
1174982265
1174993489
1175010244
1175024857
1175039028
1175057735
1175068956
1175086231
1175098026
1175109029
1175127099
1175139244
1175152749
1175170413
1175188829
1175202020
1175216325
1175230556
1175242166
1175254728
1175272963
1175284176
1175296513
1175314638
1175328986
1175342570
1175359724
1175372918
1175390628
1175406857
1175421397
1175432855
1175450110
1175462073
1175476345
1175493725
1175506267
1175519033
1175531983
1175548293
1175564168
1175578598
1175595402
1175610100
1175626895
1175641240
1175655710
1175670002
1175684494
1175700396
1175717964
1175733270
1175747271
1175765863
1175779288
1175797727
1175811363
1175826973
1175842657
1175859205
1175877525
1175889674
1175904291
1175917792
1175935952
1175948472
1175962639
1175974245
1175986179
1176002266
1176016682
1176031055
1176042772
1176057248
1176073246
1176087988
1176099632
1176111081
1176127661
1176144209
1176155047
1176173227
1176191872
1176203399
1176217776
1176230182
1176241374
1176256811
1176273671
1176285658
1176296508
1176309698
1176326901
1176343867
1176360629
1176374728
1176393375
1176409477
1176424803
1176441163
1176458289
1176477008
1176493769
1176509597
1176520997
1176531930
1176545522
1176557742
1176572332
1176583125
1176598024
1176615887
1176634197
1176650182
1176666671
1176680438
1176696550
1176712798
1176730809
1176742826
1176758322
1176772442
1176785739
1176800342
1176815309
1176834004
1176851294
1176866498
1176884367
1176898044
1176915397
1176929904
1176943468
1176955396
1176972431
1176989660
1177000486
1177016198
1177031673
1177045394
1177060840
1177071756
1177086467
1177097290
1177112682
1177125301
1177140925
1177158377
1177174445
1177192369
1177203815
1177215356
1177232001
1177250258
1177266422
1177281936
1177299442
1177311187
1177324713
1177339535
1177353269
1177367450
1177382376
1177396020
1177413316
1177431875
1177446868
1177462381
1177480026
1177493802
1177508765
1177521203
1177531998
1177548731
1177561895
1177577636
1177596006
1177614769
1177632235
1177646522
1177659385
1177674965
1177688027
1177699689
1177720602
1177736052
1177754597
1177767649
1177784884
1177803336
1177818410
1177834677
1177849412
1177860284
1177875487
1177886547
1177902945
1177918583
1177932966
1177951204
1177962119
1177979302
1177995678
1178014025
1178030504
1178047345
1178060461
1178074693
1178092481
1178108861
1178123897
1178137852
1178152854
1178167316
1178181672
1178200567
1178211378
1178222507
1178239142
1178253943
1178269199
1178282049
1178297710
1178315890
1178332518
1178348604
1178362913
1178377801
1178394192
1178405335
1178423383
1178435098
1178450638
1178462567
1178475090
1178493569
1178510454
1178523314
1178541855
1178555849
1178568962
1178583599
1178601359
1178616102
1178633765
1178648354
1178659530
1178676295
1178689426
1178701423
1178712635
1178723703
1178739535
1178751938
1178766100
1178779349
1178796275
1178812712
1178830525
1178848123
1178861138
1178873231
1178889288
1178906365
1178922994
1178937521
1178948910
1178967356
1178984064
1178999983
1179016635
1179028381
1179045492
1179057200
1179069947
1179081689
1179093034
1179108102
1179124253
1179138258
1179150029
1179168393
1179179745
1179194785
1179206576
1179222891
1179239415
1179251785
1179267565
1179280056
1179296338
1179314666
1179328092
1179345651
1179360462
1179379391
1179393656
1179407404
1179423837
1179438580
1179450457
1179467024
1179480266
1179492345
1179510560
1179525456
1179540323
1179558054
1179573560
1179585234
1179602090
1179615836
1179629238
1179640393
1179654077
1179668822
1179680642
1179694427
1179712119
1179728609
1179740609
1179751497
1179763384
1179780279
1179793377
1179804361
1179822250
1179838720
1179851278
