3871498832
3871562833
3871626834
3871690835
3871754836
3871818837
3871882838
3871946839
3872010840
3872074841
3872138842
3872202843
3872266844
3872330845
3872394846
3872458847
3872522848
3872586849
3872650850
3872714851
3872778852
3872842853
3872906854
3872970855
3873034856
3873098857
3873162858
3873226859
3873290860
3873354861
3873418862
3873482863
3873546864
3873610865
3873674866
3873738867
3873802868
3873866869
3873930870
3873994871
3874058872
3874122873
3874186874
3874250875
3874314876
3874378877
3874442878
3874506879
3874570880
3874634881
3874698882
3874762883
3874826884
3874890885
3874954886
3875018887
3875082888
3875146889
3875210890
3875274891
3875338892
3875402893
3875466894
3875530895
3875594896
3875658897
3875722898
3875786899
3875850900
3875914901
3875978902
3876042903
3876106904
3876170905
3876234906
3876298907
3876362908
3876426909
3876490910
3876554911
3876618912
3876682913
3876746914
3876810915
3876874916
3876938917
3877002918
3877066919
3877130920
3877194921
3877258922
3877322923
3877386924
3877450925
3877514926
3877578927
3877642928
3877706929
3877770930
3877834931
3877898932
3877962933
3878026934
3878090935
3878154936
3878218937
3878282938
3878346939
3878410940
3878474941
3878538942
3878602943
3878666944
3878730945
3878794946
3878858947
3878922948
3878986949
3879050950
3879114951
3879178952
3879242953
3879306954
3879370955
3879434956
3879498957
3879562958
3879626959
3879690960
3879754961
3879818962
3879882963
3879946964
3880010965
3880074966
3880138967
3880202968
3880266969
3880330970
3880394971
3880458972
3880522973
3880586974
3880650975
3880714976
3880778977
3880842978
3880906979
3880970980
3881034981
3881098982
3881162983
3881226984
3881290985
3881354986
3881418987
3881482988
3881546989
3881610990
3881674991
3881738992
3881802993
3881866994
3881930995
3881994996
3882058997
3882122998
3882186999
3882251000
3882315001
3882379002
3882443003
3882507004
3882571005
3882635006
3882699007
3882763008
3882827009
3882891010
3882955011
3883019012
3883083013
3883147014
3883211015
3883275016
3883339017
3883403018
3883467019
3883531020
3883595021
3883659022
3883723023
3883787024
3883851025
3883915026
3883979027
3884043028
3884107029
3884171030
3884235031
3884299032
3884363033
3884427034
3884491035
3884555036
3884619037
3884683038
3884747039
3884811040
3884875041
3884939042
3885003043
3885067044
3885131045
3885195046
3885259047
3885323048
3885387049
3885451050
3885515051
3885579052
3885643053
3885707054
3885771055
3885835056
3885899057
3885963058
3886027059
3886091060
3886155061
3886219062
3886283063
3886347064
3886411065
3886475066
3886539067
3886603068
3886667069
3886731070
3886795071
3886859072
3886923073
3886987074
3887051075
3887115076
3887179077
3887243078
3887307079
3887371080
3887435081
3887499082
3887563083
3887627084
3887691085
3887755086
3887819087
3887883088
3887947089
3888011090
3888075091
3888139092
3888203093
3888267094
3888331095
3888395096
3888459097
3888523098
3888587099
3888651100
3888715101
3888779102
3888843103
3888907104
3888971105
3889035106
3889099107
3889163108
3889227109
3889291110
3889355111
3889419112
3889483113
3889547114
3889611115
3889675116
3889739117
3889803118
3889867119
3889931120
3889995121
3890059122
3890123123
3890187124
3890251125
3890315126
3890379127
3890443128
3890507129
3890571130
3890635131
3890699132
3890763133
3890827134
3890891135
3890955136
3891019137
3891083138
3891147139
3891211140
3891275141
3891339142
3891403143
3891467144
3891531145
3891595146
3891659147
3891723148
3891787149
3891851150
3891915151
3891979152
3892043153
3892107154
3892171155
3892235156
3892299157
3892363158
3892427159
3892491160
3892555161
3892619162
3892683163
3892747164
3892811165
3892875166
3892939167
3893003168
3893067169
3893131170
3893195171
3893259172
3893323173
3893387174
3893451175
3893515176
3893579177
3893643178
3893707179
3893771180
3893835181
3893899182
3893963183
3894027184
3894091185
3894155186
3894219187
3894283188
3894347189
3894411190
3894475191
3894539192
3894603193
3894667194
3894731195
3894795196
3894859197
3894923198
3894987199
3895051200
3895115201
3895179202
3895243203
3895307204
3895371205
3895435206
3895499207
3895563208
3895627209
3895691210
3895755211
3895819212
3895883213
3895947214
3896011215
3896075216
3896139217
3896203218
3896267219
3896331220
3896395221
3896459222
3896523223
3896587224
3896651225
3896715226
3896779227
3896843228
3896907229
3896971230
3897035231
3897099232
3897163233
3897227234
3897291235
3897355236
3897419237
3897483238
3897547239
3897611240
3897675241
3897739242
3897803243
3897867244
3897931245
3897995246
3898059247
3898123248
3898187249
3898251250
3898315251
3898379252
3898443253
3898507254
3898571255
3898635256
3898699257
3898763258
3898827259
3898891260
3898955261
3899019262
3899083263
3899147264
3899211265
3899275266
3899339267
3899403268
3899467269
3899531270
3899595271
3899659272
3899723273
3899787274
3899851275
3899915276
3899979277
3900043278
3900107279
3900171280
3900235281
3900299282
3900363283
3900427284
3900491285
3900555286
3900619287
3900683288
3900747289
3900811290
3900875291
3900939292
3901003293
3901067294
3901131295
3901195296
3901259297
3901323298
3901387299
3901451300
3901515301
3901579302
3901643303
3901707304
3901771305
3901835306
3901899307
3901963308
3902027309
3902091310
3902155311
3902219312
3902283313
3902347314
3902411315
3902475316
3902539317
3902603318
3902667319
3902731320
3902795321
3902859322
3902923323
3902987324
3903051325
3903115326
3903179327
3903243328
3903307329
3903371330
3903435331
3903499332
3903563333
3903627334
3903691335
3903755336
3903819337
3903883338
3903947339
3904011340
3904075341
3904139342
3904203343
3904267344
3904331345
3904395346
3904459347
3904523348
3904587349
3904651350
3904715351
3904779352
3904843353
3904907354
3904971355
3905035356
3905099357
3905163358
3905227359
3905291360
3905355361
3905419362
3905483363
3905547364
3905611365
3905675366
3905739367
3905803368
3905867369
3905931370
3905995371
3906059372
3906123373
3906187374
3906251375
3906315376
3906379377
3906443378
3906507379
3906571380
3906635381
3906699382
3906763383
3906827384
3906891385
3906955386
3907019387
3907083388
3907147389
3907211390
3907275391
3907339392
3907403393
3907467394
3907531395
3907595396
3907659397
3907723398
3907787399
3907851400
3907915401
3907979402
3908043403
3908107404
3908171405
3908235406
3908299407
3908363408
3908427409
3908491410
3908555411
3908619412
3908683413
3908747414
3908811415
3908875416
3908939417
3909003418
3909067419
3909131420
3909195421
3909259422
3909323423
3909387424
3909451425
3909515426
3909579427
3909643428
3909707429
3909771430
3909835431
3909899432
3909963433
3910027434
3910091435
3910155436
3910219437
3910283438
3910347439
3910411440
3910475441
3910539442
3910603443
3910667444
3910731445
3910795446
3910859447
3910923448
3910987449
3911051450
3911115451
3911179452
3911243453
3911307454
3911371455
3911435456
3911499457
3911563458
3911627459
3911691460
3911755461
3911819462
3911883463
3911947464
3912011465
3912075466
3912139467
3912203468
3912267469
3912331470
3912395471
3912459472
3912523473
3912587474
3912651475
3912715476
3912779477
3912843478
3912907479
3912971480
3913035481
3913099482
3913163483
3913227484
3913291485
3913355486
3913419487
3913483488
3913547489
3913611490
3913675491
3913739492
3913803493
3913867494
3913931495
3913995496
3914059497
3914123498
3914187499
3914251500
3914315501
3914379502
3914443503
3914507504
3914571505
3914635506
3914699507
3914763508
3914827509
3914891510
3914955511
3915019512
3915083513
3915147514
3915211515
3915275516
3915339517
3915403518
3915467519
3915531520
3915595521
3915659522
3915723523
3915787524
3915851525
3915915526
3915979527
3916043528
3916107529
3916171530
3916235531
3916299532
3916363533
3916427534
3916491535
3916555536
3916619537
3916683538
3916747539
3916811540
3916875541
3916939542
3917003543
3917067544
3917131545
3917195546
3917259547
3917323548
3917387549
3917451550
3917515551
3917579552
3917643553
3917707554
3917771555
3917835556
3917899557
3917963558
3918027559
3918091560
3918155561
3918219562
3918283563
3918347564
3918411565
3918475566
3918539567
3918603568
3918667569
3918731570
3918795571
3918859572
3918923573
3918987574
3919051575
3919115576
3919179577
3919243578
3919307579
3919371580
3919435581
3919499582
3919563583
3919627584
3919691585
3919755586
3919819587
3919883588
3919947589
3920011590
3920075591
3920139592
3920203593
3920267594
3920331595
3920395596
3920459597
3920523598
3920587599
3920651600
3920715601
3920779602
3920843603
3920907604
3920971605
3921035606
3921099607
3921163608
3921227609
3921291610
3921355611
3921419612
3921483613
3921547614
3921611615
3921675616
3921739617
3921803618
3921867619
3921931620
3921995621
3922059622
3922123623
3922187624
3922251625
3922315626
3922379627
3922443628
3922507629
3922571630
3922635631
3922699632
3922763633
3922827634
3922891635
3922955636
3923019637
3923083638
3923147639
3923211640
3923275641
3923339642
3923403643
3923467644
3923531645
3923595646
3923659647
3923723648
3923787649
3923851650
3923915651
3923979652
3924043653
3924107654
3924171655
3924235656
3924299657
3924363658
3924427659
3924491660
3924555661
3924619662
3924683663
3924747664
3924811665
3924875666
3924939667
3925003668
3925067669
3925131670
3925195671
3925259672
3925323673
3925387674
3925451675
3925515676
3925579677
3925643678
3925707679
3925771680
3925835681
3925899682
3925963683
3926027684
3926091685
3926155686
3926219687
3926283688
3926347689
3926411690
3926475691
3926539692
3926603693
3926667694
3926731695
3926795696
3926859697
3926923698
3926987699
3927051700
3927115701
3927179702
3927243703
3927307704
3927371705
3927435706
3927499707
3927563708
3927627709
3927691710
3927755711
3927819712
3927883713
3927947714
3928011715
3928075716
3928139717
3928203718
3928267719
3928331720
3928395721
3928459722
3928523723
3928587724
3928651725
3928715726
3928779727
3928843728
3928907729
3928971730
3929035731
3929099732
3929163733
3929227734
3929291735
3929355736
3929419737
3929483738
3929547739
3929611740
3929675741
3929739742
3929803743
3929867744
3929931745
3929995746
3930059747
3930123748
3930187749
3930251750
3930315751
3930379752
3930443753
3930507754
3930571755
3930635756
3930699757
3930763758
3930827759
3930891760
3930955761
3931019762
3931083763
3931147764
3931211765
3931275766
3931339767
3931403768
3931467769
3931531770
3931595771
3931659772
3931723773
3931787774
3931851775
3931915776
3931979777
3932043778
3932107779
3932171780
3932235781
3932299782
3932363783
3932427784
3932491785
3932555786
3932619787
3932683788
3932747789
3932811790
3932875791
3932939792
3933003793
3933067794
3933131795
3933195796
3933259797
3933323798
3933387799
3933451800
3933515801
3933579802
3933643803
3933707804
3933771805
3933835806
3933899807
3933963808
3934027809
3934091810
3934155811
3934219812
3934283813
3934347814
3934411815
3934475816
3934539817
3934603818
3934667819
3934731820
3934795821
3934859822
3934923823
3934987824
3935051825
3935115826
3935179827
3935243828
3935307829
3935371830
3935435831
3935499832
3935563833
3935627834
3935691835
3935755836
3935819837
3935883838
3935947839
3936011840
3936075841
3936139842
3936203843
3936267844
3936331845
3936395846
3936459847
3936523848
3936587849
3936651850
3936715851
3936779852
3936843853
3936907854
3936971855
3937035856
3937099857
3937163858
3937227859
3937291860
3937355861
3937419862
3937483863
3937547864
3937611865
3937675866
3937739867
3937803868
3937867869
3937931870
3937995871
3938059872
3938123873
3938187874
3938251875
3938315876
3938379877
3938443878
3938507879
3938571880
3938635881
3938699882
3938763883
3938827884
3938891885
3938955886
3939019887
3939083888
3939147889
3939211890
3939275891
3939339892
3939403893
3939467894
3939531895
3939595896
3939659897
3939723898
3939787899
3939851900
3939915901
3939979902
3940043903
3940107904
3940171905
3940235906
3940299907
3940363908
3940427909
3940491910
3940555911
3940619912
3940683913
3940747914
3940811915
3940875916
3940939917
3941003918
3941067919
3941131920
3941195921
3941259922
3941323923
3941387924
3941451925
3941515926
3941579927
3941643928
3941707929
3941771930
3941835931
3941899932
3941963933
3942027934
3942091935
3942155936
3942219937
3942283938
3942347939
3942411940
3942475941
3942539942
3942603943
3942667944
3942731945
3942795946
3942859947
3942923948
3942987949
3943051950
3943115951
3943179952
3943243953
3943307954
3943371955
3943435956
3943499957
3943563958
3943627959
3943691960
3943755961
3943819962
3943883963
3943947964
3944011965
3944075966
3944139967
3944203968
3944267969
3944331970
3944395971
3944459972
3944523973
3944587974
3944651975
3944715976
3944779977
3944843978
3944907979
3944971980
3945035981
3945099982
3945163983
3945227984
3945291985
3945355986
3945419987
3945483988
3945547989
3945611990
3945675991
3945739992
3945803993
3945867994
3945931995
3945995996
3946059997
3946123998
3946187999
3946252000
3946316001
3946380002
3946444003
3946508004
3946572005
3946636006
3946700007
3946764008
3946828009
3946892010
3946956011
3947020012
3947084013
3947148014
3947212015
3947276016
3947340017
3947404018
3947468019
3947532020
3947596021
3947660022
3947724023
3947788024
3947852025
3947916026
3947980027
3948044028
3948108029
3948172030
3948236031
3948300032
3948364033
3948428034
3948492035
3948556036
3948620037
3948684038
3948748039
3948812040
3948876041
3948940042
3949004043
3949068044
3949132045
3949196046
3949260047
3949324048
3949388049
3949452050
3949516051
3949580052
3949644053
3949708054
3949772055
3949836056
3949900057
3949964058
3950028059
3950092060
3950156061
3950220062
3950284063
3950348064
3950412065
3950476066
3950540067
3950604068
3950668069
3950732070
3950796071
3950860072
3950924073
3950988074
3951052075
3951116076
3951180077
3951244078
3951308079
3951372080
3951436081
3951500082
3951564083
3951628084
3951692085
3951756086
3951820087
3951884088
3951948089
3952012090
3952076091
3952140092
3952204093
3952268094
3952332095
3952396096
3952460097
3952524098
3952588099
3952652100
3952716101
3952780102
3952844103
3952908104
3952972105
3953036106
3953100107
3953164108
3953228109
3953292110
3953356111
3953420112
3953484113
3953548114
3953612115
3953676116
3953740117
3953804118
3953868119
3953932120
3953996121
3954060122
3954124123
3954188124
3954252125
3954316126
3954380127
3954444128
3954508129
3954572130
3954636131
3954700132
3954764133
3954828134
3954892135
3954956136
3955020137
3955084138
3955148139
3955212140
3955276141
3955340142
3955404143
3955468144
3955532145
3955596146
3955660147
3955724148
3955788149
3955852150
3955916151
3955980152
3956044153
3956108154
3956172155
3956236156
3956300157
3956364158
3956428159
3956492160
3956556161
3956620162
3956684163
3956748164
3956812165
3956876166
3956940167
3957004168
3957068169
3957132170
3957196171
3957260172
3957324173
3957388174
3957452175
3957516176
3957580177
3957644178
3957708179
3957772180
3957836181
3957900182
3957964183
3958028184
3958092185
3958156186
3958220187
3958284188
3958348189
3958412190
3958476191
3958540192
3958604193
3958668194
3958732195
3958796196
3958860197
3958924198
3958988199
3959052200
3959116201
3959180202
3959244203
3959308204
3959372205
3959436206
3959500207
3959564208
3959628209
3959692210
3959756211
3959820212
3959884213
3959948214
3960012215
3960076216
3960140217
3960204218
3960268219
3960332220
3960396221
3960460222
3960524223
3960588224
3960652225
3960716226
3960780227
3960844228
3960908229
3960972230
3961036231
3961100232
3961164233
3961228234
3961292235
3961356236
3961420237
3961484238
3961548239
3961612240
3961676241
3961740242
3961804243
3961868244
3961932245
3961996246
3962060247
3962124248
3962188249
3962252250
3962316251
3962380252
3962444253
3962508254
3962572255
3962636256
3962700257
3962764258
3962828259
3962892260
3962956261
3963020262
3963084263
3963148264
3963212265
3963276266
3963340267
3963404268
3963468269
3963532270
3963596271
3963660272
3963724273
3963788274
3963852275
3963916276
3963980277
3964044278
3964108279
3964172280
3964236281
3964300282
3964364283
3964428284
3964492285
3964556286
3964620287
3964684288
3964748289
3964812290
3964876291
3964940292
3965004293
3965068294
3965132295
3965196296
3965260297
3965324298
3965388299
3965452300
3965516301
3965580302
3965644303
3965708304
3965772305
3965836306
3965900307
3965964308
3966028309
3966092310
3966156311
3966220312
3966284313
3966348314
3966412315
3966476316
3966540317
3966604318
3966668319
3966732320
3966796321
3966860322
3966924323
3966988324
3967052325
3967116326
3967180327
3967244328
3967308329
3967372330
3967436331
3967500332
3967564333
3967628334
3967692335
3967756336
3967820337
3967884338
3967948339
3968012340
3968076341
3968140342
3968204343
3968268344
3968332345
3968396346
3968460347
3968524348
3968588349
3968652350
3968716351
3968780352
3968844353
3968908354
3968972355
3969036356
3969100357
3969164358
3969228359
3969292360
3969356361
3969420362
3969484363
3969548364
3969612365
3969676366
3969740367
3969804368
3969868369
3969932370
3969996371
3970060372
3970124373
3970188374
3970252375
3970316376
3970380377
3970444378
3970508379
3970572380
3970636381
3970700382
3970764383
3970828384
3970892385
3970956386
3971020387
3971084388
3971148389
3971212390
3971276391
3971340392
3971404393
3971468394
3971532395
3971596396
3971660397
3971724398
3971788399
3971852400
3971916401
3971980402
3972044403
3972108404
3972172405
3972236406
3972300407
3972364408
3972428409
3972492410
3972556411
3972620412
3972684413
3972748414
3972812415
3972876416
3972940417
3973004418
3973068419
3973132420
3973196421
3973260422
3973324423
3973388424
3973452425
3973516426
3973580427
3973644428
3973708429
3973772430
3973836431
3973900432
3973964433
3974028434
3974092435
3974156436
3974220437
3974284438
3974348439
3974412440
3974476441
3974540442
3974604443
3974668444
3974732445
3974796446
3974860447
3974924448
3974988449
3975052450
3975116451
3975180452
3975244453
3975308454
3975372455
3975436456
3975500457
3975564458
3975628459
3975692460
3975756461
3975820462
3975884463
3975948464
3976012465
3976076466
3976140467
3976204468
3976268469
3976332470
3976396471
3976460472
3976524473
3976588474
3976652475
3976716476
3976780477
3976844478
3976908479
3976972480
3977036481
3977100482
3977164483
3977228484
3977292485
3977356486
3977420487
3977484488
3977548489
3977612490
3977676491
3977740492
3977804493
3977868494
3977932495
3977996496
3978060497
3978124498
3978188499
3978252500
3978316501
3978380502
3978444503
3978508504
3978572505
3978636506
3978700507
3978764508
3978828509
3978892510
3978956511
3979020512
3979084513
3979148514
3979212515
3979276516
3979340517
3979404518
3979468519
3979532520
3979596521
3979660522
3979724523
3979788524
3979852525
3979916526
3979980527
3980044528
3980108529
3980172530
3980236531
3980300532
3980364533
3980428534
3980492535
3980556536
3980620537
3980684538
3980748539
3980812540
3980876541
3980940542
3981004543
3981068544
3981132545
3981196546
3981260547
3981324548
3981388549
3981452550
3981516551
3981580552
3981644553
3981708554
3981772555
3981836556
3981900557
3981964558
3982028559
3982092560
3982156561
3982220562
3982284563
3982348564
3982412565
3982476566
3982540567
3982604568
3982668569
3982732570
3982796571
3982860572
3982924573
3982988574
3983052575
3983116576
3983180577
3983244578
3983308579
3983372580
3983436581
3983500582
3983564583
3983628584
3983692585
3983756586
3983820587
3983884588
3983948589
3984012590
3984076591
3984140592
3984204593
3984268594
3984332595
3984396596
3984460597
3984524598
3984588599
3984652600
3984716601
3984780602
3984844603
3984908604
3984972605
3985036606
3985100607
3985164608
3985228609
3985292610
3985356611
3985420612
3985484613
3985548614
3985612615
3985676616
3985740617
3985804618
3985868619
3985932620
3985996621
3986060622
3986124623
3986188624
3986252625
3986316626
3986380627
3986444628
3986508629
3986572630
3986636631
3986700632
3986764633
3986828634
3986892635
3986956636
3987020637
3987084638
3987148639
3987212640
3987276641
3987340642
3987404643
3987468644
3987532645
3987596646
3987660647
3987724648
3987788649
3987852650
3987916651
3987980652
3988044653
3988108654
3988172655
3988236656
3988300657
3988364658
3988428659
3988492660
3988556661
3988620662
3988684663
3988748664
3988812665
3988876666
3988940667
3989004668
3989068669
3989132670
3989196671
3989260672
3989324673
3989388674
3989452675
3989516676
3989580677
3989644678
3989708679
3989772680
3989836681
3989900682
3989964683
3990028684
3990092685
3990156686
3990220687
3990284688
3990348689
3990412690
3990476691
3990540692
3990604693
3990668694
3990732695
3990796696
3990860697
3990924698
3990988699
3991052700
3991116701
3991180702
3991244703
3991308704
3991372705
3991436706
3991500707
3991564708
3991628709
3991692710
3991756711
3991820712
3991884713
3991948714
3992012715
3992076716
3992140717
3992204718
3992268719
3992332720
3992396721
3992460722
3992524723
3992588724
3992652725
3992716726
3992780727
3992844728
3992908729
3992972730
3993036731
3993100732
3993164733
3993228734
3993292735
3993356736
3993420737
3993484738
3993548739
3993612740
3993676741
3993740742
3993804743
3993868744
3993932745
3993996746
3994060747
3994124748
3994188749
3994252750
3994316751
3994380752
3994444753
3994508754
3994572755
3994636756
3994700757
3994764758
3994828759
3994892760
3994956761
3995020762
3995084763
3995148764
3995212765
3995276766
3995340767
3995404768
3995468769
3995532770
3995596771
3995660772
3995724773
3995788774
3995852775
3995916776
3995980777
3996044778
3996108779
3996172780
3996236781
3996300782
3996364783
3996428784
3996492785
3996556786
3996620787
3996684788
3996748789
3996812790
3996876791
3996940792
3997004793
3997068794
3997132795
3997196796
3997260797
3997324798
3997388799
3997452800
3997516801
3997580802
3997644803
3997708804
3997772805
3997836806
3997900807
3997964808
3998028809
3998092810
3998156811
3998220812
3998284813
3998348814
3998412815
3998476816
3998540817
3998604818
3998668819
3998732820
3998796821
3998860822
3998924823
3998988824
3999052825
3999116826
3999180827
3999244828
3999308829
3999372830
3999436831
3999500832
3999564833
3999628834
3999692835
3999756836
3999820837
3999884838
3999948839
4000012840
4000076841
4000140842
4000204843
4000268844
4000332845
4000396846
4000460847
4000524848
4000588849
4000652850
4000716851
4000780852
4000844853
4000908854
4000972855
4001036856
4001100857
4001164858
4001228859
4001292860
4001356861
4001420862
4001484863
4001548864
4001612865
4001676866
4001740867
4001804868
4001868869
4001932870
4001996871
4002060872
4002124873
4002188874
4002252875
4002316876
4002380877
4002444878
4002508879
4002572880
4002636881
4002700882
4002764883
4002828884
4002892885
4002956886
4003020887
4003084888
4003148889
4003212890
4003276891
4003340892
4003404893
4003468894
4003532895
4003596896
4003660897
4003724898
4003788899
4003852900
4003916901
4003980902
4004044903
4004108904
4004172905
4004236906
4004300907
4004364908
4004428909
4004492910
4004556911
4004620912
4004684913
4004748914
4004812915
4004876916
4004940917
4005004918
4005068919
4005132920
4005196921
4005260922
4005324923
4005388924
4005452925
4005516926
4005580927
4005644928
4005708929
4005772930
4005836931
4005900932
4005964933
4006028934
4006092935
4006156936
4006220937
4006284938
4006348939
4006412940
4006476941
4006540942
4006604943
4006668944
4006732945
4006796946
4006860947
4006924948
4006988949
4007052950
4007116951
4007180952
4007244953
4007308954
4007372955
4007436956
4007500957
4007564958
4007628959
4007692960
4007756961
4007820962
4007884963
4007948964
4008012965
4008076966
4008140967
4008204968
4008268969
4008332970
4008396971
4008460972
4008524973
4008588974
4008652975
4008716976
4008780977
4008844978
4008908979
4008972980
4009036981
4009100982
4009164983
4009228984
4009292985
4009356986
4009420987
4009484988
4009548989
4009612990
4009676991
4009740992
4009804993
4009868994
4009932995
4009996996
4010060997
4010124998
4010188999
4010253000
4010317001
4010381002
4010445003
4010509004
4010573005
4010637006
4010701007
4010765008
4010829009
4010893010
4010957011
4011021012
4011085013
4011149014
4011213015
4011277016
4011341017
4011405018
4011469019
4011533020
4011597021
4011661022
4011725023
4011789024
4011853025
4011917026
4011981027
4012045028
4012109029
4012173030
4012237031
4012301032
4012365033
4012429034
4012493035
4012557036
4012621037
4012685038
4012749039
4012813040
4012877041
4012941042
4013005043
4013069044
4013133045
4013197046
4013261047
4013325048
4013389049
4013453050
4013517051
4013581052
4013645053
4013709054
4013773055
4013837056
4013901057
4013965058
4014029059
4014093060
4014157061
4014221062
4014285063
4014349064
4014413065
4014477066
4014541067
4014605068
4014669069
4014733070
4014797071
4014861072
4014925073
4014989074
4015053075
4015117076
4015181077
4015245078
4015309079
4015373080
4015437081
4015501082
4015565083
4015629084
4015693085
4015757086
4015821087
4015885088
4015949089
4016013090
4016077091
4016141092
4016205093
4016269094
4016333095
4016397096
4016461097
4016525098
4016589099
4016653100
4016717101
4016781102
4016845103
4016909104
4016973105
4017037106
4017101107
4017165108
4017229109
4017293110
4017357111
4017421112
4017485113
4017549114
4017613115
4017677116
4017741117
4017805118
4017869119
4017933120
4017997121
4018061122
4018125123
4018189124
4018253125
4018317126
4018381127
4018445128
4018509129
4018573130
4018637131
4018701132
4018765133
4018829134
4018893135
4018957136
4019021137
4019085138
4019149139
4019213140
4019277141
4019341142
4019405143
4019469144
4019533145
4019597146
4019661147
4019725148
4019789149
4019853150
4019917151
4019981152
4020045153
4020109154
4020173155
4020237156
4020301157
4020365158
4020429159
4020493160
4020557161
4020621162
4020685163
4020749164
4020813165
4020877166
4020941167
4021005168
4021069169
4021133170
4021197171
4021261172
4021325173
4021389174
4021453175
4021517176
4021581177
4021645178
4021709179
4021773180
4021837181
4021901182
4021965183
4022029184
4022093185
4022157186
4022221187
4022285188
4022349189
4022413190
4022477191
4022541192
4022605193
4022669194
4022733195
4022797196
4022861197
4022925198
4022989199
4023053200
4023117201
4023181202
4023245203
4023309204
4023373205
4023437206
4023501207
4023565208
4023629209
4023693210
4023757211
4023821212
4023885213
4023949214
4024013215
4024077216
4024141217
4024205218
4024269219
4024333220
4024397221
4024461222
4024525223
4024589224
4024653225
4024717226
4024781227
4024845228
4024909229
4024973230
4025037231
4025101232
4025165233
4025229234
4025293235
4025357236
4025421237
4025485238
4025549239
4025613240
4025677241
4025741242
4025805243
4025869244
4025933245
4025997246
4026061247
4026125248
4026189249
4026253250
4026317251
4026381252
4026445253
4026509254
4026573255
4026637256
4026701257
4026765258
4026829259
4026893260
4026957261
4027021262
4027085263
4027149264
4027213265
4027277266
4027341267
4027405268
4027469269
4027533270
4027597271
4027661272
4027725273
4027789274
4027853275
4027917276
4027981277
4028045278
4028109279
4028173280
4028237281
4028301282
4028365283
4028429284
4028493285
4028557286
4028621287
4028685288
4028749289
4028813290
4028877291
4028941292
4029005293
4029069294
4029133295
4029197296
4029261297
4029325298
4029389299
4029453300
4029517301
4029581302
4029645303
4029709304
4029773305
4029837306
4029901307
4029965308
4030029309
4030093310
4030157311
4030221312
4030285313
4030349314
4030413315
4030477316
4030541317
4030605318
4030669319
4030733320
4030797321
4030861322
4030925323
4030989324
4031053325
4031117326
4031181327
4031245328
4031309329
4031373330
4031437331
4031501332
4031565333
4031629334
4031693335
4031757336
4031821337
4031885338
4031949339
4032013340
4032077341
4032141342
4032205343
4032269344
4032333345
4032397346
4032461347
4032525348
4032589349
4032653350
4032717351
4032781352
4032845353
4032909354
4032973355
4033037356
4033101357
4033165358
4033229359
4033293360
4033357361
4033421362
4033485363
4033549364
4033613365
4033677366
4033741367
4033805368
4033869369
4033933370
4033997371
4034061372
4034125373
4034189374
4034253375
4034317376
4034381377
4034445378
4034509379
4034573380
4034637381
4034701382
4034765383
4034829384
4034893385
4034957386
4035021387
4035085388
4035149389
4035213390
4035277391
4035341392
4035405393
4035469394
4035533395
4035597396
4035661397
4035725398
4035789399
4035853400
4035917401
4035981402
4036045403
4036109404
4036173405
4036237406
4036301407
4036365408
4036429409
4036493410
4036557411
4036621412
4036685413
4036749414
4036813415
4036877416
4036941417
4037005418
4037069419
4037133420
4037197421
4037261422
4037325423
4037389424
4037453425
4037517426
4037581427
4037645428
4037709429
4037773430
4037837431
4037901432
4037965433
4038029434
4038093435
4038157436
4038221437
4038285438
4038349439
4038541442
4038733445
4038925448
4038989449
4039181452
4039245453
4039309454
4039373455
4039437456
4039501457
4039565458
4039629459
4039693460
4039757461
4039821462
4039885463
4039949464
4040013465
4040077466
4040141467
4040205468
4040269469
4040333470
4040397471
4040461472
4040525473
4040589474
4040653475
4040717476
4040781477
4040845478
4040909479
4040973480
4041037481
4041101482
4041165483
4041229484
4041293485
4041357486
4041421487
4041485488
4041549489
4041613490
4041677491
4041741492
4041805493
4041869494
4041933495
4041997496
4042061497
4042125498
4042189499
4042253500
4042317501
4042381502
4042445503
4042509504
4042573505
4042637506
4042701507
4042765508
4042829509
4042893510
4042957511
4043021512
4043085513
4043149514
4043213515
4043277516
4043341517
4043405518
4043469519
4043533520
4043597521
4043661522
4043725523
4043789524
4043853525
4043917526
4043981527
4044045528
4044109529
4044173530
4044237531
4044301532
4044365533
4044429534
4044493535
4044557536
4044621537
4044685538
4044749539
4044813540
4044877541
4044941542
4045005543
4045069544
4045133545
4045197546
4045389549
4045517551
4045645553
4045837556
4046029559
4046093560
4046157561
4046221562
4046285563
4046349564
4046413565
4046477566
4046541567
4046605568
4046669569
4046733570
4046797571
4046861572
4046925573
4046989574
4047053575
4047117576
4047181577
4047245578
4047309579
4047373580
4047437581
4047501582
4047565583
4047629584
4047693585
4047757586
4047821587
4047885588
4047949589
4048013590
4048077591
4048141592
4048205593
4048269594
4048333595
4048397596
4048461597
4048525598
4048589599
4048653600
4048717601
4048781602
4048845603
4048909604
4048973605
4049037606
4049101607
4049165608
4049229609
4049293610
4049357611
4049421612
4049485613
4049549614
4049613615
4049677616
4049741617
4049805618
4049869619
4049933620
4049997621
4050061622
4050125623
4050189624
4050253625
4050317626
4050381627
4050445628
4050509629
4050573630
4050637631
4050701632
4050765633
4050829634
4050893635
4050957636
4051021637
4051085638
4051149639
4051213640
4051277641
4051341642
4051405643
4051469644
4051533645
4051597646
4051661647
4051725648
4051789649
4051853650
4051917651
4051981652
4052045653
4052109654
4052173655
4052237656
4052301657
4052365658
4052429659
4052493660
4052557661
4052621662
4052685663
4052749664
4052813665
4052877666
4052941667
4053005668
4053069669
4053133670
4053197671
4053261672
4053325673
4053389674
4053453675
4053517676
4053581677
4053645678
4053709679
4053773680
4053837681
4053901682
4053965683
4054029684
4054093685
4054157686
4054221687
4054285688
4054349689
4054413690
4054477691
4054541692
4054605693
4054669694
4054733695
4054797696
4054861697
4054925698
4054989699
4055053700
4055117701
4055181702
4055245703
4055309704
4055373705
4055437706
4055501707
4055565708
4055629709
4055693710
4055757711
4055821712
4055885713
4055949714
4056013715
4056077716
4056141717
4056205718
4056269719
4056333720
4056397721
4056461722
4056525723
4056589724
4056653725
4056717726
4056781727
4056845728
4056909729
4056973730
4057037731
4057101732
4057165733
4057229734
4057293735
4057357736
4057421737
4057485738
4057549739
4057613740
4057677741
4057741742
4057805743
4057869744
4057933745
4057997746
4058061747
4058125748
4058189749
4058253750
4058317751
4058381752
4058445753
4058509754
4058573755
4058637756
4058701757
4058765758
4058829759
4058893760
4058957761
4059021762
4059085763
4059149764
4059213765
4059277766
4059341767
4059405768
4059469769
4059533770
4059597771
4059661772
4059725773
4059789774
4059853775
4059917776
4059981777
4060045778
4060109779
4060173780
4060237781
4060301782
4060365783
4060429784
4060493785
4060557786
4060621787
4060685788
4060749789
4060813790
4060877791
4060941792
4061005793
4061069794
4061133795
4061197796
4061261797
4061325798
4061389799
4061453800
4061517801
4061581802
4061645803
4061709804
4061773805
4061837806
4061901807
4061965808
4062029809
4062093810
4062157811
4062221812
4062285813
4062349814
4062413815
4062477816
4062541817
4062605818
4062669819
4062733820
4062797821
4062861822
4062925823
4062989824
4063053825
4063117826
4063181827
4063245828
4063309829
4063373830
4063437831
4063501832
4063565833
4063629834
4063693835
4063757836
4063821837
4063885838
4063949839
4064013840
4064077841
4064141842
4064205843
4064269844
4064333845
4064397846
4064461847
4064525848
4064589849
4064653850
4064717851
4064781852
4064845853
4064909854
4064973855
4065037856
4065101857
4065165858
4065229859
4065293860
4065357861
4065421862
4065485863
4065549864
4065613865
4065677866
4065741867
4065805868
4065869869
4065933870
4065997871
4066061872
4066125873
4066189874
4066253875
4066317876
4066381877
4066445878
4066509879
4066573880
4066637881
4066701882
4066765883
4066829884
4066893885
4066957886
4067021887
4067085888
4067149889
4067213890
4067277891
4067341892
4067405893
4067469894
4067533895
4067597896
4067661897
4067725898
4067789899
4067853900
4067917901
4067981902
4068045903
4068109904
4068173905
4068237906
4068301907
4068365908
4068429909
4068493910
4068557911
4068621912
4068685913
4068749914
4068813915
4068877916
4068941917
4069005918
4069069919
4069133920
4069197921
4069261922
4069325923
4069389924
4069453925
4069517926
4069581927
4069645928
4069709929
4069773930
4069837931
4069901932
4069965933
4070029934
4070093935
4070157936
4070221937
4070285938
4070349939
4070413940
4070477941
4070541942
4070605943
4070669944
4070733945
4070797946
4070861947
4070925948
4070989949
4071053950
4071117951
4071181952
4071245953
4071309954
4071373955
4071437956
4071501957
4071565958
4071629959
4071693960
4071757961
4071821962
4071885963
4071949964
4072013965
4072077966
4072141967
4072205968
4072269969
4072333970
4072397971
4072461972
4072525973
4072589974
4072653975
4072717976
4072781977
4072845978
4072909979
4072973980
4073037981
4073101982
4073165983
4073229984
4073293985
4073357986
4073421987
4073485988
4073549989
4073613990
4073677991
4073741992
4073805993
4073869994
4073933995
4073997996
4074061997
4074125998
4074189999
4074254000
4074318001
4074382002
4074446003
4074510004
4074574005
4074638006
4074702007
4074766008
4074830009
4074894010
4074958011
4075022012
4075086013
4075150014
4075214015
4075278016
4075342017
4075406018
4075470019
4075534020
4075598021
4075662022
4075726023
4075790024
4075854025
4075918026
4075982027
4076046028
4076110029
4076174030
4076238031
4076302032
4076366033
4076430034
4076494035
4076558036
4076622037
4076686038
4076750039
4076814040
4076878041
4076942042
4077006043
4077070044
4077134045
4077198046
4077262047
4077326048
4077390049
4077454050
4077518051
4077582052
4077646053
4077710054
4077774055
4077838056
4077902057
4077966058
4078030059
4078094060
4078158061
4078222062
4078286063
4078350064
4078414065
4078478066
4078542067
4078606068
4078670069
4078734070
4078798071
4078862072
4078926073
4078990074
4079054075
4079118076
4079182077
4079246078
4079310079
4079374080
4079438081
4079502082
4079566083
4079630084
4079694085
4079758086
4079822087
4079886088
4079950089
4080014090
4080078091
4080142092
4080206093
4080270094
4080334095
4080398096
4080462097
4080526098
4080590099
4080654100
4080718101
4080782102
4080846103
4080910104
4080974105
4081038106
4081102107
4081166108
4081230109
4081294110
4081358111
4081422112
4081486113
4081550114
4081614115
4081678116
4081742117
4081806118
4081870119
4081934120
4081998121
4082062122
4082126123
4082190124
4082254125
4082318126
4082382127
4082446128
4082510129
4082574130
4082638131
4082702132
4082766133
4082830134
4082894135
4082958136
4083022137
4083086138
4083150139
4083214140
4083278141
4083342142
4083406143
4083470144
4083534145
4083598146
4083662147
4083726148
4083790149
4083854150
4083918151
4083982152
4084046153
4084110154
4084174155
4084238156
4084302157
4084366158
4084430159
4084494160
4084558161
4084622162
4084686163
4084750164
4084814165
4084878166
4084942167
4085006168
4085070169
4085134170
4085198171
4085262172
4085326173
4085390174
4085454175
4085518176
4085582177
4085646178
4085710179
4085774180
4085838181
4085902182
4085966183
4086030184
4086094185
4086158186
4086222187
4086286188
4086350189
4086414190
4086478191
4086542192
4086606193
4086670194
4086734195
4086798196
4086862197
4086926198
4086990199
4087054200
4087118201
4087182202
4087246203
4087310204
4087374205
4087438206
4087502207
4087566208
4087630209
4087694210
4087758211
4087822212
4087886213
4087950214
4088014215
4088078216
4088142217
4088206218
4088270219
4088334220
4088398221
4088462222
4088526223
4088590224
4088654225
4088718226
4088782227
4088846228
4088910229
4088974230
4089038231
4089102232
4089166233
4089230234
4089294235
4089358236
4089422237
4089486238
4089550239
4089614240
4089678241
4089742242
4089806243
4089870244
4089934245
4089998246
4090062247
4090126248
4090190249
4090254250
4090318251
4090382252
4090446253
4090510254
4090574255
4090638256
4090702257
4090766258
4090830259
4090894260
4090958261
4091022262
4091086263
4091150264
4091214265
4091278266
4091342267
4091406268
4091470269
4091534270
4091598271
4091662272
4091726273
4091790274
4091854275
4091918276
4091982277
4092046278
4092110279
4092174280
4092238281
4092302282
4092366283
4092430284
4092494285
4092558286
4092622287
4092686288
4092750289
4092814290
4092878291
4092942292
4093006293
4093070294
4093134295
4093198296
4093262297
4093326298
4093390299
4093454300
4093518301
4093582302
4093646303
4093710304
4093774305
4093838306
4093902307
4093966308
4094030309
4094094310
4094158311
4094222312
4094286313
4094350314
4094414315
4094478316
4094542317
4094606318
4094670319
4094734320
4094798321
4094862322
4094926323
4094990324
4095054325
4095118326
4095182327
4095246328
4095310329
4095374330
4095438331
4095502332
4095566333
4095630334
4095694335
4095758336
4095822337
4095886338
4095950339
4096014340
4096078341
4096142342
4096206343
4096270344
4096334345
4096398346
4096462347
4096526348
4096590349
4096654350
4096718351
4096782352
4096846353
4096910354
4096974355
4097038356
4097102357
4097166358
4097230359
4097294360
4097358361
4097422362
4097486363
4097550364
4097614365
4097678366
4097742367
4097806368
4097870369
4097934370
4097998371
4098062372
4098126373
4098190374
4098254375
4098318376
4098382377
4098446378
4098510379
4098574380
4098638381
4098702382
4098766383
4098830384
4098894385
4098958386
4099022387
4099086388
4099150389
4099214390
4099278391
4099342392
4099406393
4099470394
4099534395
4099598396
4099662397
4099726398
4099790399
4099854400
4099918401
4099982402
4100046403
4100110404
4100174405
4100238406
4100302407
4100366408
4100430409
4100494410
4100558411
4100622412
4100686413
4100750414
4100814415
4100878416
4100942417
4101006418
4101070419
4101134420
4101198421
4101262422
4101326423
4101390424
4101454425
4101518426
4101582427
4101646428
4101710429
4101774430
4101838431
4101902432
4101966433
4102030434
4102094435
4102158436
4102222437
4102286438
4102350439
4102414440
4102478441
4102542442
4102606443
4102670444
4102734445
4102798446
4102862447
4102926448
4102990449
4103054450
4103118451
4103182452
4103246453
4103310454
4103374455
4103438456
4103502457
4103566458
4103630459
4103694460
4103758461
4103822462
4103886463
4103950464
4104014465
4104078466
4104142467
4104206468
4104270469
4104334470
4104398471
4104462472
4104526473
4104590474
4104654475
4104718476
4104782477
4104846478
4104910479
4104974480
4105038481
4105102482
4105166483
4105230484
4105294485
4105358486
4105422487
4105486488
4105550489
4105614490
4105678491
4105742492
4105806493
4105870494
4105934495
4105998496
4106062497
4106126498
4106190499
4106254500
4106318501
4106382502
4106446503
4106510504
4106574505
4106638506
4106702507
4106766508
4106830509
4106894510
4106958511
4107022512
4107086513
4107150514
4107214515
4107278516
4107342517
4107406518
4107470519
4107534520
4107598521
4107662522
4107726523
4107790524
4107854525
4107918526
4107982527
4108046528
4108110529
4108174530
4108238531
4108302532
4108366533
4108430534
4108494535
4108558536
4108622537
4108686538
4108750539
4108814540
4108878541
4108942542
4109006543
4109070544
4109134545
4109198546
4109262547
4109326548
4109390549
4109454550
4109518551
4109582552
4109646553
4109710554
4109774555
4109838556
4109902557
4109966558
4110030559
4110094560
4110158561
4110222562
4110286563
4110350564
4110414565
4110478566
4110542567
4110606568
4110670569
4110734570
4110798571
4110862572
4110926573
4110990574
4111054575
4111118576
4111182577
4111246578
4111310579
4111374580
4111438581
4111502582
4111566583
4111630584
4111694585
4111758586
4111822587
4111886588
4111950589
4112014590
4112078591
4112142592
4112206593
4112270594
4112334595
4112398596
4112462597
4112526598
4112590599
4112654600
4112718601
4112782602
4112846603
4112910604
4112974605
4113038606
4113102607
4113166608
4113230609
4113294610
4113358611
4113422612
4113486613
4113550614
4113614615
4113678616
4113742617
4113806618
4113870619
4113934620
4113998621
4114062622
4114126623
4114190624
4114254625
4114318626
4114382627
4114446628
4114510629
4114574630
4114638631
4114702632
4114766633
4114830634
4114894635
4114958636
4115022637
4115086638
4115150639
4115214640
4115278641
4115342642
4115406643
4115470644
4115534645
4115598646
4115662647
4115726648
4115790649
4115854650
4115918651
4115982652
4116046653
4116110654
4116174655
4116238656
4116302657
4116366658
4116430659
4116494660
4116558661
4116622662
4116686663
4116750664
4116814665
4116878666
4116942667
4117006668
4117070669
4117134670
4117198671
4117262672
4117326673
4117390674
4117454675
4117518676
4117582677
4117646678
4117710679
4117774680
4117838681
4117902682
4117966683
4118030684
4118094685
4118158686
4118222687
4118286688
4118350689
4118414690
4118478691
4118542692
4118606693
4118670694
4118734695
4118798696
4118862697
4118926698
4118990699
4119054700
4119118701
4119182702
4119246703
4119310704
4119374705
4119438706
4119502707
4119566708
4119630709
4119694710
4119758711
4119822712
4119886713
4119950714
4120014715
4120078716
4120142717
4120206718
4120270719
4120334720
4120398721
4120462722
4120526723
4120590724
4120654725
4120718726
4120782727
4120846728
4120910729
4120974730
4121038731
4121102732
4121166733
4121230734
4121294735
4121358736
4121422737
4121486738
4121550739
4121614740
4121678741
4121742742
4121806743
4121870744
4121934745
4121998746
4122062747
4122126748
4122190749
4122254750
4122318751
4122382752
4122446753
4122510754
4122574755
4122638756
4122702757
4122766758
4122830759
4122894760
4122958761
4123022762
4123086763
4123150764
4123214765
4123278766
4123342767
4123406768
4123470769
4123534770
4123598771
4123662772
4123726773
4123790774
4123854775
4123918776
4123982777
4124046778
4124110779
4124174780
4124238781
4124302782
4124366783
4124430784
4124494785
4124558786
4124622787
4124686788
4124750789
4124814790
4124878791
4124942792
4125006793
4125070794
4125134795
4125198796
4125262797
4125326798
4125390799
4125454800
4125518801
4125582802
4125646803
4125710804
4125774805
4125838806
4125902807
4125966808
4126030809
4126094810
4126158811
4126222812
4126286813
4126350814
4126414815
4126478816
4126542817
4126606818
4126670819
4126734820
4126798821
4126862822
4126926823
4126990824
4127054825
4127118826
4127182827
4127246828
4127310829
4127374830
4127438831
4127502832
4127566833
4127630834
4127694835
4127758836
4127822837
4127886838
4127950839
4128014840
4128078841
4128142842
4128206843
4128270844
4128334845
4128398846
4128462847
4128526848
4128590849
4128654850
4128718851
4128782852
4128846853
4128910854
4128974855
4129038856
4129102857
4129166858
4129230859
4129294860
4129358861
4129422862
4129486863
4129550864
4129614865
4129678866
4129742867
4129806868
4129870869
4129934870
4129998871
4130062872
4130126873
4130190874
4130254875
4130318876
4130382877
4130446878
4130510879
4130574880
4130638881
4130702882
4130766883
4130830884
4130894885
4130958886
4131022887
4131086888
4131150889
4131214890
4131278891
4131342892
4131406893
4131470894
4131534895
4131598896
4131662897
4131726898
4131790899
4131854900
4131918901
4131982902
4132046903
4132110904
4132174905
4132238906
4132302907
4132366908
4132430909
4132494910
4132558911
4132622912
4132686913
4132750914
4132814915
4132878916
4132942917
4133006918
4133070919
4133134920
4133198921
4133262922
4133326923
4133390924
4133454925
4133518926
4133582927
4133646928
4133710929
4133774930
4133838931
4133902932
4133966933
4134030934
4134094935
4134158936
4134222937
4134286938
4134350939
4134414940
4134478941
4134542942
4134606943
4134670944
4134734945
4134798946
4134862947
4134926948
4134990949
4135054950
4135118951
4135182952
4135246953
4135310954
4135374955
4135438956
4135502957
4135566958
4135630959
4135694960
4135758961
4135822962
4135886963
4135950964
4136014965
4136078966
4136142967
4136206968
4136270969
4136334970
4136398971
4136462972
4136526973
4136590974
4136654975
4136718976
4136782977
4136846978
4136910979
4136974980
4137038981
4137102982
4137166983
4137230984
4137294985
4137358986
4137422987
4137486988
4137550989
4137614990
4137678991
4137742992
4137806993
4137870994
4137934995
4137998996
4138062997
4138126998
4138190999
4138255000
4138319001
4138383002
4138447003
4138511004
4138575005
4138639006
4138703007
4138767008
4138831009
4138895010
4138959011
4139023012
4139087013
4139151014
4139215015
4139279016
4139343017
4139407018
4139471019
4139535020
4139599021
4139663022
4139727023
4139791024
4139855025
4139919026
4139983027
4140047028
4140111029
4140175030
4140239031
4140303032
4140367033
4140431034
4140495035
4140559036
4140623037
4140687038
4140751039
4140815040
4140879041
4140943042
4141007043
4141071044
4141135045
4141199046
4141263047
4141327048
4141391049
4141455050
4141519051
4141583052
4141647053
4141711054
4141775055
4141839056
4141903057
4141967058
4142031059
4142095060
4142159061
4142223062
4142287063
4142351064
4142415065
4142479066
4142543067
4142607068
4142671069
4142735070
4142799071
4142863072
4142927073
4142991074
4143055075
4143119076
4143183077
4143247078
4143311079
4143375080
4143439081
4143503082
4143567083
4143631084
4143695085
4143759086
4143823087
4143887088
4143951089
4144015090
4144079091
4144143092
4144207093
4144271094
4144335095
4144399096
4144463097
4144527098
4144591099
4144655100
4144719101
4144783102
4144847103
4144911104
4144975105
4145039106
4145103107
4145167108
4145231109
4145295110
4145359111
4145423112
4145487113
4145551114
4145615115
4145679116
4145743117
4145807118
4145871119
4145935120
4145999121
4146063122
4146127123
4146191124
4146255125
4146319126
4146383127
4146447128
4146511129
4146575130
4146639131
4146703132
4146767133
4146831134
4146895135
4146959136
4147023137
4147087138
4147151139
4147215140
4147279141
4147343142
4147407143
4147471144
4147535145
4147599146
4147663147
4147727148
4147791149
4147855150
4147919151
4147983152
4148047153
4148111154
4148175155
4148239156
4148303157
4148367158
4148431159
4148495160
4148559161
4148623162
4148687163
4148751164
4148815165
4148879166
4148943167
4149007168
4149071169
4149135170
4149199171
4149263172
4149327173
4149391174
4149455175
4149519176
4149583177
4149647178
4149711179
4149775180
4149839181
4149903182
4149967183
4150031184
4150095185
4150159186
4150223187
4150287188
4150351189
4150415190
4150479191
4150543192
4150607193
4150671194
4150735195
4150799196
4150863197
4150927198
4150991199
4151055200
4151119201
4151183202
4151247203
4151311204
4151375205
4151439206
4151503207
4151567208
4151631209
4151695210
4151759211
4151823212
4151887213
4151951214
4152015215
4152079216
4152143217
4152207218
4152271219
4152335220
4152399221
4152463222
4152527223
4152591224
4152655225
4152719226
4152783227
4152847228
4152911229
4152975230
4153039231
4153103232
4153167233
4153231234
4153295235
4153359236
4153423237
4153487238
4153551239
4153615240
4153679241
4153743242
4153807243
4153871244
4153935245
4153999246
4154063247
4154127248
4154191249
4154255250
4154319251
4154383252
4154447253
4154511254
4154575255
4154639256
4154703257
4154767258
4154831259
4154895260
4154959261
4155023262
4155087263
4155151264
4155215265
4155279266
4155343267
4155407268
4155471269
4155535270
4155599271
4155663272
4155727273
4155791274
4155855275
4155919276
4155983277
4156047278
4156111279
4156175280
4156239281
4156303282
4156367283
4156431284
4156495285
4156559286
4156623287
4156687288
4156751289
4156815290
4156879291
4156943292
4157007293
4157071294
4157135295
4157199296
4157263297
4157327298
4157391299
4157455300
4157519301
4157583302
4157647303
4157711304
4157775305
4157839306
4157903307
4157967308
4158031309
4158095310
4158159311
4158223312
4158287313
4158351314
4158415315
4158479316
4158543317
4158607318
4158671319
4158735320
4158799321
4158863322
4158927323
4158991324
4159055325
4159119326
4159183327
4159247328
4159311329
4159375330
4159439331
4159503332
4159567333
4159631334
4159695335
4159759336
4159823337
4159887338
4159951339
4160015340
4160079341
4160143342
4160207343
4160271344
4160335345
4160399346
4160463347
4160527348
4160591349
4160655350
4160719351
4160783352
4160847353
4160911354
4160975355
4161039356
4161103357
4161167358
4161231359
4161295360
4161359361
4161423362
4161487363
4161551364
4161615365
4161679366
4161743367
4161807368
4161871369
4161935370
4161999371
4162063372
4162127373
4162191374
4162255375
4162319376
4162383377
4162447378
4162511379
4162575380
4162639381
4162703382
4162767383
4162831384
4162895385
4162959386
4163023387
4163087388
4163151389
4163215390
4163279391
4163343392
4163407393
4163471394
4163535395
4163599396
4163663397
4163727398
4163791399
4163855400
4163919401
4163983402
4164047403
4164111404
4164175405
4164239406
4164303407
4164367408
4164431409
4164495410
4164559411
4164623412
4164687413
4164751414
4164815415
4164879416
4164943417
4165007418
4165071419
4165135420
4165199421
4165263422
4165327423
4165391424
4165455425
4165519426
4165583427
4165647428
4165711429
4165775430
4165839431
4165903432
4165967433
4166031434
4166095435
4166159436
4166223437
4166287438
4166351439
4166415440
4166479441
4166543442
4166607443
4166671444
4166735445
4166799446
4166863447
4166927448
4166991449
4167055450
4167119451
4167183452
4167247453
4167311454
4167375455
4167439456
4167503457
4167567458
4167631459
4167695460
4167759461
4167823462
4167887463
4167951464
4168015465
4168079466
4168143467
4168207468
4168271469
4168335470
4168399471
4168463472
4168527473
4168591474
4168655475
4168719476
4168783477
4168847478
4168911479
4168975480
4169039481
4169103482
4169167483
4169231484
4169295485
4169359486
4169423487
4169487488
4169551489
4169615490
4169679491
4169743492
4169807493
4169871494
4169935495
4169999496
4170063497
4170127498
4170191499
4170255500
4170319501
4170383502
4170447503
4170511504
4170575505
4170639506
4170703507
4170767508
4170831509
4170895510
4170959511
4171023512
4171087513
4171151514
4171215515
4171279516
4171343517
4171407518
4171471519
4171535520
4171599521
4171663522
4171727523
4171791524
4171855525
4171919526
4171983527
4172047528
4172111529
4172175530
4172239531
4172303532
4172367533
4172431534
4172495535
4172559536
4172623537
4172687538
4172751539
4172815540
4172879541
4172943542
4173007543
4173071544
4173135545
4173199546
4173263547
4173327548
4173391549
4173455550
4173519551
4173583552
4173647553
4173711554
4173775555
4173839556
4173903557
4173967558
4174031559
4174095560
4174159561
4174223562
4174287563
4174351564
4174415565
4174479566
4174543567
4174607568
4174671569
4174735570
4174799571
4174863572
4174927573
4174991574
4175055575
4175119576
4175183577
4175247578
4175311579
4175375580
4175439581
4175503582
4175567583
4175631584
4175695585
4175759586
4175823587
4175887588
4175951589
4176015590
4176079591
4176143592
4176207593
4176271594
4176335595
4176399596
4176463597
4176527598
4176591599
4176655600
4176719601
4176783602
4176847603
4176911604
4176975605
4177039606
4177103607
4177167608
4177231609
4177295610
4177359611
4177423612
4177487613
4177551614
4177615615
4177679616
4177743617
4177807618
4177871619
4177935620
4177999621
4178063622
4178127623
4178191624
4178255625
4178319626
4178383627
4178447628
4178511629
4178575630
4178639631
4178703632
4178767633
4178831634
4178895635
4178959636
4179023637
4179087638
4179151639
4179215640
4179279641
4179343642
4179407643
4179471644
4179535645
4179599646
4179663647
4179727648
4179791649
4179855650
4179919651
4179983652
4180047653
4180111654
4180175655
4180239656
4180303657
4180367658
4180431659
4180495660
4180559661
4180623662
4180687663
4180751664
4180815665
4180879666
4180943667
4181007668
4181071669
4181135670
4181199671
4181263672
4181327673
4181391674
4181455675
4181519676
4181583677
4181647678
4181711679
4181775680
4181839681
4181903682
4181967683
4182031684
4182095685
4182159686
4182223687
4182287688
4182351689
4182415690
4182479691
4182543692
4182607693
4182671694
4182735695
4182799696
4182863697
4182927698
4182991699
4183055700
4183119701
4183183702
4183247703
4183311704
4183375705
4183439706
4183503707
4183567708
4183631709
4183695710
4183759711
4183823712
4183887713
4183951714
4184015715
4184079716
4184143717
4184207718
4184271719
4184335720
4184399721
4184463722
4184527723
4184591724
4184655725
4184719726
4184783727
4184847728
4184911729
4184975730
4185039731
4185103732
4185167733
4185231734
4185295735
4185359736
4185423737
4185487738
4185551739
4185615740
4185679741
4185743742
4185807743
4185871744
4185935745
4185999746
4186063747
4186127748
4186191749
4186255750
4186319751
4186383752
4186447753
4186511754
4186575755
4186639756
4186703757
4186767758
4186831759
4186895760
4186959761
4187023762
4187087763
4187151764
4187215765
4187279766
4187343767
4187407768
4187471769
4187535770
4187599771
4187663772
4187727773
4187791774
4187855775
4187919776
4187983777
4188047778
4188111779
4188175780
4188239781
4188303782
4188367783
4188431784
4188495785
4188559786
4188623787
4188687788
4188751789
4188815790
4188879791
4188943792
4189007793
4189071794
4189135795
4189199796
4189263797
4189327798
4189391799
4189455800
4189519801
4189583802
4189647803
4189711804
4189775805
4189839806
4189903807
4189967808
4190031809
4190095810
4190159811
4190223812
4190287813
4190351814
4190415815
4190479816
4190543817
4190607818
4190671819
4190735820
4190799821
4190863822
4190927823
4190991824
4191055825
4191119826
4191183827
4191247828
4191311829
4191375830
4191439831
4191503832
4191567833
4191631834
4191695835
4191759836
4191823837
4191887838
4191951839
4192015840
4192079841
4192143842
4192207843
4192271844
4192335845
4192399846
4192463847
4192527848
4192591849
4192655850
4192719851
4192783852
4192847853
4192911854
4192975855
4193039856
4193103857
4193167858
4193231859
4193295860
4193359861
4193423862
4193487863
4193551864
4193615865
4193679866
4193743867
4193807868
4193871869
4193935870
4193999871
4194063872
4194127873
4194191874
4194255875
4194319876
4194383877
4194447878
4194511879
4194575880
4194639881
4194703882
4194767883
4194831884
4194895885
4194959886
4195023887
4195087888
4195151889
4195215890
4195279891
4195343892
4195407893
4195471894
4195535895
4195599896
4195663897
4195727898
4195791899
4195855900
4195919901
4195983902
4196047903
4196111904
4196175905
4196239906
4196303907
4196367908
4196431909
4196495910
4196559911
4196623912
4196687913
4196751914
4196815915
4196879916
4196943917
4197007918
4197071919
4197135920
4197199921
4197263922
4197327923
4197391924
4197455925
4197519926
4197583927
4197647928
4197711929
4197775930
4197839931
4197903932
4197967933
4198031934
4198095935
4198159936
4198223937
4198287938
4198351939
4198415940
4198479941
4198543942
4198607943
4198671944
4198735945
4198799946
4198863947
4198927948
4198991949
4199055950
4199119951
4199183952
4199247953
4199311954
4199375955
4199439956
4199503957
4199567958
4199631959
4199695960
4199759961
4199823962
4199887963
4199951964
4200015965
4200079966
4200143967
4200207968
4200271969
4200335970
4200399971
4200463972
4200527973
4200591974
4200655975
4200719976
4200783977
4200847978
4200911979
4200975980
4201039981
4201103982
4201167983
4201231984
4201295985
4201359986
4201423987
4201487988
4201551989
4201615990
4201679991
4201743992
4201807993
4201871994
4201935995
4201999996
4202063997
4202127998
4202191999
4202256000
4202320001
4202384002
4202448003
4202512004
4202576005
4202640006
4202704007
4202768008
4202832009
4202896010
4202960011
4203024012
4203088013
4203152014
4203216015
4203280016
4203344017
4203408018
4203472019
4203536020
4203600021
4203664022
4203728023
4203792024
4203856025
4203920026
4203984027
4204048028
4204112029
4204176030
4204240031
4204304032
4204368033
4204432034
4204496035
4204560036
4204624037
4204688038
4204752039
4204816040
4204880041
4204944042
4205008043
4205072044
4205136045
4205200046
4205264047
4205328048
4205392049
4205456050
4205520051
4205584052
4205648053
4205712054
4205776055
4205840056
4205904057
4205968058
4206032059
4206096060
4206160061
4206224062
4206288063
4206352064
4206416065
4206480066
4206544067
4206608068
4206672069
4206736070
4206800071
4206864072
4206928073
4206992074
4207056075
4207120076
4207184077
4207248078
4207312079
4207376080
4207440081
4207504082
4207568083
4207632084
4207696085
4207760086
4207824087
4207888088
4207952089
4208016090
4208080091
4208144092
4208208093
4208272094
4208336095
4208400096
4208464097
4208528098
4208592099
4208656100
4208720101
4208784102
4208848103
4208912104
4208976105
4209040106
4209104107
4209168108
4209232109
4209296110
4209360111
4209424112
4209488113
4209552114
4209616115
4209680116
4209744117
4209808118
4209872119
4209936120
4210000121
4210064122
4210128123
4210192124
4210256125
4210320126
4210384127
4210448128
4210512129
4210576130
4210640131
4210704132
4210768133
4210832134
4210896135
4210960136
4211024137
4211088138
4211152139
4211216140
4211280141
4211344142
4211408143
4211472144
4211536145
4211600146
4211664147
4211728148
4211792149
4211856150
4211920151
4211984152
4212048153
4212112154
4212176155
4212240156
4212304157
4212368158
4212432159
4212496160
4212560161
4212624162
4212688163
4212752164
4212816165
4212880166
4212944167
4213008168
4213072169
4213136170
4213200171
4213264172
4213328173
4213392174
4213456175
4213520176
4213584177
4213648178
4213712179
4213776180
4213840181
4213904182
4213968183
4214032184
4214096185
4214160186
4214224187
4214288188
4214352189
4214416190
4214480191
4214544192
4214608193
4214672194
4214736195
4214800196
4214864197
4214928198
4214992199
4215056200
4215120201
4215184202
4215248203
4215312204
4215376205
4215440206
4215504207
4215568208
4215632209
4215696210
4215760211
4215824212
4215888213
4215952214
4216016215
4216080216
4216144217
4216208218
4216272219
4216336220
4216400221
4216464222
4216528223
4216592224
4216656225
4216720226
4216784227
4216848228
4216912229
4216976230
4217040231
4217104232
4217168233
4217232234
4217296235
4217360236
4217424237
4217488238
4217552239
4217616240
4217680241
4217744242
4217808243
4217872244
4217936245
4218000246
4218064247
4218128248
4218192249
4218256250
4218320251
4218384252
4218448253
4218512254
4218576255
4218640256
4218704257
4218768258
4218832259
4218896260
4218960261
4219024262
4219088263
4219152264
4219216265
4219280266
4219344267
4219408268
4219472269
4219536270
4219600271
4219664272
4219728273
4219792274
4219856275
4219920276
4219984277
4220048278
4220112279
4220176280
4220240281
4220304282
4220368283
4220432284
4220496285
4220560286
4220624287
4220688288
4220752289
4220816290
4220880291
4220944292
4221008293
4221072294
4221136295
4221200296
4221264297
4221328298
4221392299
4221456300
4221520301
4221584302
4221648303
4221712304
4221776305
4221840306
4221904307
4221968308
4222032309
4222096310
4222160311
4222224312
4222288313
4222352314
4222416315
4222480316
4222544317
4222608318
4222672319
4222736320
4222800321
4222864322
4222928323
4222992324
4223056325
4223120326
4223184327
4223248328
4223312329
4223376330
4223440331
4223504332
4223568333
4223632334
4223696335
4223760336
4223824337
4223888338
4223952339
4224016340
4224080341
4224144342
4224208343
4224272344
4224336345
4224400346
4224464347
4224528348
4224592349
4224656350
4224720351
4224784352
4224848353
4224912354
4224976355
4225040356
4225104357
4225168358
4225232359
4225296360
4225360361
4225424362
4225488363
4225552364
4225616365
4225680366
4225744367
4225808368
4225872369
4225936370
4226000371
4226064372
4226128373
4226192374
4226256375
4226320376
4226384377
4226448378
4226512379
4226576380
4226640381
4226704382
4226768383
4226832384
4226896385
4226960386
4227024387
4227088388
4227152389
4227216390
4227280391
4227344392
4227408393
4227472394
4227536395
4227600396
4227664397
4227728398
4227792399
4227856400
4227920401
4227984402
4228048403
4228112404
4228176405
4228240406
4228304407
4228368408
4228432409
4228496410
4228560411
4228624412
4228688413
4228752414
4228816415
4228880416
4228944417
4229008418
4229072419
4229136420
4229200421
4229264422
4229328423
4229392424
4229456425
4229520426
4229584427
4229648428
4229712429
4229776430
4229840431
4229904432
4229968433
4230032434
4230096435
4230160436
4230224437
4230288438
4230352439
4230416440
4230480441
4230544442
4230608443
4230672444
4230736445
4230800446
4230864447
4230928448
4230992449
4231056450
4231120451
4231184452
4231248453
4231312454
4231376455
4231440456
4231504457
4231568458
4231632459
4231696460
4231760461
4231824462
4231888463
4231952464
4232016465
4232080466
4232144467
4232208468
4232272469
4232336470
4232400471
4232464472
4232528473
4232592474
4232656475
4232720476
4232784477
4232848478
4232912479
4232976480
4233040481
4233104482
4233168483
4233232484
4233296485
4233360486
4233424487
4233488488
4233552489
4233616490
4233680491
4233744492
4233808493
4233872494
4233936495
4234000496
4234064497
4234128498
4234192499
4234256500
4234320501
4234384502
4234448503
4234512504
4234576505
4234640506
4234704507
4234768508
4234832509
4234896510
4234960511
4235024512
4235088513
4235152514
4235216515
4235280516
4235344517
4235408518
4235472519
4235536520
4235600521
4235664522
4235728523
4235792524
4235856525
4235920526
4235984527
4236048528
4236112529
4236176530
4236240531
4236304532
4236368533
4236432534
4236496535
4236560536
4236624537
4236688538
4236752539
4236816540
4236880541
4236944542
4237008543
4237072544
4237136545
4237200546
4237264547
4237328548
4237392549
4237456550
4237520551
4237584552
4237648553
4237712554
4237776555
4237840556
4237904557
4237968558
4238032559
4238096560
4238160561
4238224562
4238288563
4238352564
4238416565
4238480566
4238544567
4238608568
4238672569
4238736570
4238800571
4238864572
4238928573
4238992574
4239056575
4239120576
4239184577
4239248578
4239312579
4239376580
4239440581
4239504582
4239568583
4239632584
4239696585
4239760586
4239824587
4239888588
4239952589
4240016590
4240080591
4240144592
4240208593
4240272594
4240336595
4240400596
4240464597
4240528598
4240592599
4240656600
4240720601
4240784602
4240848603
4240912604
4240976605
4241040606
4241104607
4241168608
4241232609
4241296610
4241360611
4241424612
4241488613
4241552614
4241616615
4241680616
4241744617
4241808618
4241872619
4241936620
4242000621
4242064622
4242128623
4242192624
4242256625
4242320626
4242384627
4242448628
4242512629
4242576630
4242640631
4242704632
4242768633
4242832634
4242896635
4242960636
4243024637
4243088638
4243152639
4243216640
4243280641
4243344642
4243408643
4243472644
4243536645
4243600646
4243664647
4243728648
4243792649
4243856650
4243920651
4243984652
4244048653
4244112654
4244176655
4244240656
4244304657
4244368658
4244432659
4244496660
4244560661
4244624662
4244688663
4244752664
4244816665
4244880666
4244944667
4245008668
4245072669
4245136670
4245200671
4245264672
4245328673
4245392674
4245456675
4245520676
4245584677
4245648678
4245712679
4245776680
4245840681
4245904682
4245968683
4246032684
4246096685
4246160686
4246224687
4246288688
4246352689
4246416690
4246480691
4246544692
4246608693
4246672694
4246736695
4246800696
4246864697
4246928698
4246992699
4247056700
4247120701
4247184702
4247248703
4247312704
4247376705
4247440706
4247504707
4247568708
4247632709
4247696710
4247760711
4247824712
4247888713
4247952714
4248016715
4248080716
4248144717
4248208718
4248272719
4248336720
4248400721
4248464722
4248528723
4248592724
4248656725
4248720726
4248784727
4248848728
4248912729
4248976730
4249040731
4249104732
4249168733
4249232734
4249296735
4249360736
4249424737
4249488738
4249552739
4249616740
4249680741
4249744742
4249808743
4249872744
4249936745
4250000746
4250064747
4250128748
4250192749
4250256750
4250320751
4250384752
4250448753
4250512754
4250576755
4250640756
4250704757
4250768758
4250832759
4250896760
4250960761
4251024762
4251088763
4251152764
4251216765
4251280766
4251344767
4251408768
4251472769
4251536770
4251600771
4251664772
4251728773
4251792774
4251856775
4251920776
4251984777
4252048778
4252112779
4252176780
4252240781
4252304782
4252368783
4252432784
4252496785
4252560786
4252624787
4252688788
4252752789
4252816790
4252880791
4252944792
4253008793
4253072794
4253136795
4253200796
4253264797
4253328798
4253392799
4253456800
4253520801
4253584802
4253648803
4253712804
4253776805
4253840806
4253904807
4253968808
4254032809
4254096810
4254160811
4254224812
4254288813
4254352814
4254416815
4254480816
4254544817
4254608818
4254672819
4254736820
4254800821
4254864822
4254928823
4254992824
4255056825
4255120826
4255184827
4255248828
4255312829
4255376830
4255440831
4255504832
4255568833
4255632834
4255696835
4255760836
4255824837
4255888838
4255952839
4256016840
4256080841
4256144842
4256208843
4256272844
4256336845
4256400846
4256464847
4256528848
4256592849
4256656850
4256720851
4256784852
4256848853
4256912854
4256976855
4257040856
4257104857
4257168858
4257232859
4257296860
4257360861
4257424862
4257488863
4257552864
4257616865
4257680866
4257744867
4257808868
4257872869
4257936870
4258000871
4258064872
4258128873
4258192874
4258256875
4258320876
4258384877
4258448878
4258512879
4258576880
4258640881
4258704882
4258768883
4258832884
4258896885
4258960886
4259024887
4259088888
4259152889
4259216890
4259280891
4259344892
4259408893
4259472894
4259536895
4259600896
4259664897
4259728898
4259792899
4259856900
4259920901
4259984902
4260048903
4260112904
4260176905
4260240906
4260304907
4260368908
4260432909
4260496910
4260560911
4260624912
4260688913
4260752914
4260816915
4260880916
4260944917
4261008918
4261072919
4261136920
4261200921
4261264922
4261328923
4261392924
4261456925
4261520926
4261584927
4261648928
4261712929
4261776930
4261840931
4261904932
4261968933
4262032934
4262096935
4262160936
4262224937
4262288938
4262352939
4262416940
4262480941
4262544942
4262608943
4262672944
4262736945
4262800946
4262864947
4262928948
4262992949
4263056950
4263120951
4263184952
4263248953
4263312954
4263376955
4263440956
4263504957
4263568958
4263632959
4263696960
4263760961
4263824962
4263888963
4263952964
4264016965
4264080966
4264144967
4264208968
4264272969
4264336970
4264400971
4264464972
4264528973
4264592974
4264656975
4264720976
4264784977
4264848978
4264912979
4264976980
4265040981
4265104982
4265168983
4265232984
4265296985
4265360986
4265424987
4265488988
4265552989
4265616990
4265680991
4265744992
4265808993
4265872994
4265936995
4266000996
4266064997
4266128998
4266192999
4266257000
4266321001
4266385002
4266449003
4266513004
4266577005
4266641006
4266705007
4266769008
4266833009
4266897010
4266961011
4267025012
4267089013
4267153014
4267217015
4267281016
4267345017
4267409018
4267473019
4267537020
4267601021
4267665022
4267729023
4267793024
4267857025
4267921026
4267985027
4268049028
4268113029
4268177030
4268241031
4268305032
4268369033
4268433034
4268497035
4268561036
4268625037
4268689038
4268753039
4268817040
4268881041
4268945042
4269009043
4269073044
4269137045
4269201046
4269265047
4269329048
4269393049
4269457050
4269521051
4269585052
4269649053
4269713054
4269777055
4269841056
4269905057
4269969058
4270033059
4270097060
4270161061
4270225062
4270289063
4270353064
4270417065
4270481066
4270545067
4270609068
4270673069
4270737070
4270801071
4270865072
4270929073
4270993074
4271057075
4271121076
4271185077
4271249078
4271313079
4271377080
4271441081
4271505082
4271569083
4271633084
4271697085
4271761086
4271825087
4271889088
4271953089
4272017090
4272081091
4272145092
4272209093
4272273094
4272337095
4272401096
4272465097
4272529098
4272593099
4272657100
4272721101
4272785102
4272849103
4272913104
4272977105
4273041106
4273105107
4273169108
4273233109
4273297110
4273361111
4273425112
4273489113
4273553114
4273617115
4273681116
4273745117
4273809118
4273873119
4273937120
4274001121
4274065122
4274129123
4274193124
4274257125
4274321126
4274385127
4274449128
4274513129
4274577130
4274641131
4274705132
4274769133
4274833134
4274897135
4274961136
4275025137
4275089138
4275153139
4275217140
4275281141
4275345142
4275409143
4275473144
4275537145
4275601146
4275665147
4275729148
4275793149
4275857150
4275921151
4275985152
4276049153
4276113154
4276177155
4276241156
4276305157
4276369158
4276433159
4276497160
4276561161
4276625162
4276689163
4276753164
4276817165
4276881166
4276945167
4277009168
4277073169
4277137170
4277201171
4277265172
4277329173
4277393174
4277457175
4277521176
4277585177
4277649178
4277713179
4277777180
4277841181
4277905182
4277969183
4278033184
4278097185
4278161186
4278225187
4278289188
4278353189
4278417190
4278481191
4278545192
4278609193
4278673194
4278737195
4278801196
4278865197
4278929198
4278993199
4279057200
4279121201
4279185202
4279249203
4279313204
4279377205
4279441206
4279505207
4279569208
4279633209
4279697210
4279761211
4279825212
4279889213
4279953214
4280017215
4280081216
4280145217
4280209218
4280273219
4280337220
4280401221
4280465222
4280529223
4280593224
4280657225
4280721226
4280785227
4280849228
4280913229
4280977230
4281041231
4281105232
4281169233
4281233234
4281297235
4281361236
4281425237
4281489238
4281553239
4281617240
4281681241
4281745242
4281809243
4281873244
4281937245
4282001246
4282065247
4282129248
4282193249
4282257250
4282321251
4282385252
4282449253
4282513254
4282577255
4282641256
4282705257
4282769258
4282833259
4282897260
4282961261
4283025262
4283089263
4283153264
4283217265
4283281266
4283345267
4283409268
4283473269
4283537270
4283601271
4283665272
4283729273
4283793274
4283857275
4283921276
4283985277
4284049278
4284113279
4284177280
4284241281
4284305282
4284369283
4284433284
4284497285
4284561286
4284625287
4284689288
4284753289
4284817290
4284881291
4284945292
4285009293
4285073294
4285137295
4285201296
4285265297
4285329298
4285393299
4285457300
4285521301
4285585302
4285649303
4285713304
4285777305
4285841306
4285905307
4285969308
4286033309
4286097310
4286161311
4286225312
4286289313
4286353314
4286417315
4286481316
4286545317
4286609318
4286673319
4286737320
4286801321
4286865322
4286929323
4286993324
4287057325
4287121326
4287185327
4287249328
4287313329
4287377330
4287441331
4287505332
4287569333
4287633334
4287697335
4287761336
4287825337
4287889338
4287953339
4288017340
4288081341
4288145342
4288209343
4288273344
4288337345
4288401346
4288465347
4288529348
4288593349
4288657350
4288721351
4288785352
4288849353
4288913354
4288977355
4289041356
4289105357
4289169358
4289233359
4289297360
4289361361
4289425362
4289489363
4289553364
4289617365
4289681366
4289745367
4289809368
4289873369
4289937370
4290001371
4290065372
4290129373
4290193374
4290257375
4290321376
4290385377
4290449378
4290513379
4290577380
4290641381
4290705382
4290769383
4290833384
4290897385
4290961386
4291025387
4291089388
4291153389
4291217390
4291281391
4291345392
4291409393
4291473394
4291537395
4291601396
4291665397
4291729398
4291793399
4291857400
4291921401
4291985402
4292049403
4292113404
4292177405
4292241406
4292305407
4292369408
4292433409
4292497410
4292561411
4292625412
4292689413
4292753414
4292817415
4292881416
4292945417
4293009418
4293073419
4293137420
4293201421
4293265422
4293329423
4293393424
4293457425
4293521426
4293585427
4293649428
4293713429
4293777430
4293841431
4293905432
4293969433
4294033434
4294097435
4294161436
4294225437
4294289438
4294353439
4294417440
4294481441
4294545442
4294609443
4294673444
4294737445
4294801446
4294865447
4294929448
26153
90154
154155
218156
282157
346158
410159
474160
538161
602162
666163
730164
794165
858166
922167
986168
1050169
1114170
1178171
1242172
1306173
1370174
1434175
1498176
1562177
1626178
1690179
1754180
1818181
1882182
1946183
2010184
2074185
2138186
2202187
2266188
2330189
2394190
2458191
2522192
2586193
2650194
2714195
2778196
2842197
2906198
2970199
3034200
3098201
3162202
3226203
3290204
3354205
3418206
3482207
3546208
3610209
3674210
3738211
3802212
3866213
3930214
3994215
4058216
4122217
4186218
4250219
4314220
4378221
4442222
4506223
4570224
4634225
4698226
4762227
4826228
4890229
4954230
5018231
5082232
5146233
5210234
5274235
5338236
5402237
5466238
5530239
5594240
5658241
5722242
5786243
5850244
5914245
5978246
6042247
6106248
6170249
6234250
6298251
6362252
6426253
6490254
6554255
6618256
6682257
6746258
6810259
6874260
6938261
7002262
7066263
7130264
7194265
7258266
7322267
7386268
7450269
7514270
7578271
7642272
7706273
7770274
7834275
7898276
7962277
8026278
8090279
8154280
8218281
8282282
8346283
8410284
8474285
8538286
8602287
8666288
8730289
8794290
8858291
8922292
8986293
9050294
9114295
9178296
9242297
9306298
9370299
9434300
9498301
9562302
9626303
9690304
9754305
9818306
9882307
9946308
10010309
10074310
10138311
10202312
10266313
10330314
10394315
10458316
10522317
10586318
10650319
10714320
10778321
10842322
10906323
10970324
11034325
11098326
11162327
11226328
11290329
11354330
11418331
11482332
11546333
11610334
11674335
11738336
11802337
11866338
11930339
11994340
12058341
12122342
12186343
12250344
12314345
12378346
12442347
12506348
12570349
12634350
12698351
12762352
12826353
12890354
12954355
13018356
13082357
13146358
13210359
13274360
13338361
13402362
13466363
13530364
13594365
13658366
13722367
13786368
13850369
13914370
13978371
14042372
14106373
14170374
14234375
14298376
14362377
14426378
14490379
14554380
14618381
14682382
14746383
14810384
14874385
14938386
15002387
15066388
15130389
15194390
15258391
15322392
15386393
15450394
15514395
15578396
15642397
15706398
15770399
15834400
15898401
15962402
16026403
16090404
16154405
16218406
16282407
16346408
16410409
16474410
16538411
16602412
16666413
16730414
16794415
16858416
16922417
16986418
17050419
17114420
17178421
17242422
17306423
17370424
17434425
17498426
17562427
17626428
17690429
17754430
17818431
17882432
17946433
18010434
18074435
18138436
18202437
18266438
18330439
18394440
18458441
18522442
18586443
18650444
18714445
18778446
18842447
18906448
18970449
19034450
19098451
19162452
19226453
19290454
19354455
19418456
19482457
19546458
19610459
19674460
19738461
19802462
19866463
19930464
19994465
20058466
20122467
20186468
20250469
20314470
20378471
20442472
20506473
20570474
20634475
20698476
20762477
20826478
20890479
20954480
21018481
21082482
21146483
21210484
21274485
21338486
21402487
21466488
21530489
21594490
21658491
21722492
21786493
21850494
21914495
21978496
22042497
22106498
22170499
22234500
22298501
22362502
22426503
22490504
22554505
22618506
22682507
22746508
22810509
22874510
22938511
23002512
23066513
23130514
23194515
23258516
23322517
23386518
23450519
23514520
23578521
23642522
23706523
23770524
23834525
23898526
23962527
24026528
24090529
24154530
24218531
24282532
24346533
24410534
24474535
24538536
24602537
24666538
24730539
24794540
24858541
24922542
24986543
25050544
25114545
25178546
25242547
25306548
25370549
25434550
25498551
25562552
25626553
25690554
25754555
25818556
25882557
25946558
26010559
26074560
26138561
26202562
26266563
26330564
26394565
26458566
26522567
26586568
26650569
26714570
26778571
26842572
26906573
26970574
27034575
27098576
27162577
27226578
27290579
27354580
27418581
27482582
27546583
27610584
27674585
27738586
27802587
27866588
27930589
27994590
28058591
28122592
28186593
28250594
28314595
28378596
28442597
28506598
28570599
28634600
28698601
28762602
28826603
28890604
28954605
29018606
29082607
29146608
29210609
29274610
29338611
29402612
29466613
29530614
29594615
29658616
29722617
29786618
29850619
29914620
29978621
30042622
30106623
30170624
30234625
30298626
30362627
30426628
30490629
30554630
30618631
30682632
30746633
30810634
30874635
30938636
31002637
31066638
31130639
31194640
31258641
31322642
31386643
31450644
31514645
31578646
31642647
31706648
31770649
31834650
31898651
31962652
32026653
32090654
32154655
32218656
32282657
32346658
32410659
32474660
32538661
32602662
32666663
32730664
32794665
32858666
32922667
32986668
33050669
33114670
33178671
33242672
33306673
33370674
33434675
33498676
33562677
33626678
33690679
33754680
33818681
33882682
33946683
34010684
34074685
34138686
34202687
34266688
34330689
34394690
34458691
34522692
34586693
34650694
34714695
34778696
34842697
34906698
34970699
35034700
35098701
35162702
35226703
35290704
35354705
35418706
35482707
35546708
35610709
35674710
35738711
35802712
35866713
35930714
35994715
36058716
36122717
36186718
36250719
36314720
36378721
36442722
36506723
36570724
36634725
36698726
36762727
36826728
36890729
36954730
37018731
37082732
37146733
37210734
37274735
37338736
37402737
37466738
37530739
37594740
37658741
37722742
37786743
37850744
37914745
37978746
38042747
38106748
38170749
38234750
38298751
38362752
38426753
38490754
38554755
38618756
38682757
38746758
38810759
38874760
38938761
39002762
39066763
39130764
39194765
39258766
39322767
39386768
39450769
39514770
39578771
39642772
39706773
39770774
39834775
39898776
39962777
40026778
40090779
40154780
40218781
40282782
40346783
40410784
40474785
40538786
40602787
40666788
40730789
40794790
40858791
40922792
40986793
41050794
41114795
41178796
41242797
41306798
41370799
41434800
41498801
41562802
41626803
41690804
41754805
41818806
41882807
41946808
42010809
42074810
42138811
42202812
42266813
42330814
42394815
42458816
42522817
42586818
42650819
42714820
42778821
42842822
42906823
42970824
43034825
43098826
43162827
43226828
43290829
43354830
43418831
43482832
43546833
43610834
43674835
43738836
43802837
43866838
43930839
43994840
44058841
44122842
44186843
44250844
44314845
44378846
44442847
44506848
44570849
44634850
44698851
44762852
44826853
44890854
44954855
45018856
45082857
45146858
45210859
45274860
45338861
45402862
45466863
45530864
45594865
45658866
45722867
45786868
45850869
45914870
45978871
46042872
46106873
46170874
46234875
46298876
46362877
46426878
46490879
46554880
46618881
46682882
46746883
46810884
46874885
46938886
47002887
47066888
47130889
47194890
47258891
47322892
47386893
47450894
47514895
47578896
47642897
47706898
47770899
47834900
47898901
47962902
48026903
48090904
48154905
48218906
48282907
48346908
48410909
48474910
48538911
48602912
48666913
48730914
48794915
48858916
48922917
48986918
49050919
49114920
49178921
49242922
49306923
49370924
49434925
49498926
49562927
49626928
49690929
49754930
49818931
49882932
49946933
50010934
50074935
50138936
50202937
50266938
50330939
50394940
50458941
50522942
50586943
50650944
50714945
50778946
50842947
50906948
50970949
51034950
51098951
51162952
51226953
51290954
51354955
51418956
51482957
51546958
51610959
51674960
51738961
51802962
51866963
51930964
51994965
52058966
52122967
52186968
52250969
52314970
52378971
52442972
52506973
52570974
52634975
52698976
52762977
52826978
52890979
52954980
53018981
53082982
53146983
53210984
53274985
53338986
53402987
53466988
53530989
53594990
53658991
53722992
53786993
53850994
53914995
53978996
54042997
54106998
54170999
54235000
54299001
54363002
54427003
54491004
54555005
54619006
54683007
54747008
54811009
54875010
54939011
55003012
55067013
55131014
55195015
55259016
55323017
55387018
55451019
55515020
55579021
55643022
55707023
55771024
55835025
55899026
55963027
56027028
56091029
56155030
56219031
56283032
56347033
56411034
56475035
56539036
56603037
56667038
56731039
56795040
56859041
56923042
56987043
57051044
57115045
57179046
57243047
57307048
57371049
57435050
57499051
57563052
57627053
57691054
57755055
57819056
57883057
57947058
58011059
58075060
58139061
58203062
58267063
58331064
58395065
58459066
58523067
58587068
58651069
58715070
58779071
58843072
58907073
58971074
59035075
59099076
59163077
59227078
59291079
59355080
59419081
59483082
59547083
59611084
59675085
59739086
59803087
59867088
59931089
59995090
60059091
60123092
60187093
60251094
60315095
60379096
60443097
60507098
60571099
60635100
60699101
60763102
60827103
60891104
60955105
61019106
61083107
61147108
61211109
61275110
61339111
61403112
61467113
61531114
61595115
61659116
61723117
61787118
61851119
61915120
61979121
62043122
62107123
62171124
62235125
62299126
62363127
62427128
62491129
62555130
62619131
62683132
62747133
62811134
62875135
62939136
63003137
63067138
63131139
63195140
63259141
63323142
63387143
63451144
63515145
63579146
63643147
63707148
63771149
63835150
63899151
63963152
64027153
64091154
64155155
64219156
64283157
64347158
64411159
64475160
64539161
64603162
64667163
64731164
64795165
64859166
64923167
64987168
65051169
65115170
65179171
65243172
65307173
65371174
65435175
65499176
65563177
65627178
65691179
65755180
65819181
65883182
65947183
66011184
66075185
66139186
66203187
66267188
66331189
66395190
66459191
66523192
66587193
66651194
66715195
66779196
66843197
66907198
66971199
67035200
67099201
67163202
67227203
67291204
67355205
67419206
67483207
67547208
67611209
67675210
67739211
67803212
67867213
67931214
67995215
68059216
68123217
68187218
68251219
68315220
68379221
68443222
68507223
68571224
68635225
68699226
68763227
68827228
68891229
68955230
69019231
69083232
69147233
69211234
69275235
69339236
69403237
69467238
69531239
69595240
69659241
69723242
69787243
69851244
69915245
69979246
70043247
70107248
70171249
70235250
70299251
70363252
70427253
70491254
70555255
70619256
70683257
70747258
70811259
70875260
70939261
71003262
71067263
71131264
71195265
71259266
71323267
71387268
71451269
71515270
71579271
71643272
71707273
71771274
71835275
71899276
71963277
72027278
72091279
72155280
72219281
72283282
72347283
72411284
72475285
72539286
72603287
72667288
72731289
72795290
72859291
72923292
72987293
73051294
73115295
73179296
73243297
73307298
73371299
73435300
73499301
73563302
73627303
73691304
73755305
73819306
73883307
73947308
74011309
74075310
74139311
74203312
74267313
74331314
74395315
74459316
74523317
74587318
74651319
74715320
74779321
74843322
74907323
74971324
75035325
75099326
75163327
75227328
75291329
75355330
75419331
75483332
75547333
75611334
75675335
75739336
75803337
75867338
75931339
75995340
76059341
76123342
76187343
76251344
76315345
76379346
76443347
76507348
76571349
76635350
76699351
76763352
76827353
76891354
76955355
77019356
77083357
77147358
77211359
77275360
77339361
77403362
77467363
77531364
77595365
77659366
77723367
77787368
77851369
77915370
77979371
78043372
78107373
78171374
78235375
78299376
78363377
78427378
78491379
78555380
78619381
78683382
78747383
78811384
78875385
78939386
79003387
79067388
79131389
79195390
79259391
79323392
79387393
79451394
79515395
79579396
79643397
79707398
79771399
79835400
79899401
79963402
80027403
80091404
80155405
80219406
80283407
80347408
80411409
80475410
80539411
80603412
80667413
80731414
80795415
80859416
80923417
80987418
81051419
81115420
81179421
81243422
81307423
81371424
81435425
81499426
81563427
81627428
81691429
81755430
81819431
81883432
81947433
82011434
82075435
82139436
82203437
82267438
82331439
82395440
82459441
82523442
82587443
82651444
82715445
82779446
82843447
82907448
82971449
83035450
83099451
83163452
83227453
83291454
83355455
83419456
83483457
83547458
83611459
83675460
83739461
83803462
83867463
83931464
83995465
84059466
84123467
84187468
84251469
84315470
84379471
84443472
84507473
84571474
84635475
84699476
84763477
84827478
84891479
84955480
85019481
85083482
85147483
85211484
85275485
85339486
85403487
85467488
85531489
85595490
85659491
85723492
85787493
85851494
85915495
85979496
86043497
86107498
86171499
86235500
86299501
86363502
86427503
86491504
86555505
86619506
86683507
86747508
86811509
86875510
86939511
87003512
87067513
87131514
87195515
87259516
87323517
87387518
87451519
87515520
87579521
87643522
87707523
87771524
87835525
87899526
87963527
88027528
88091529
88155530
88219531
88283532
88347533
88411534
88475535
88539536
88603537
88667538
88731539
88795540
88859541
88923542
88987543
89051544
89115545
89179546
89243547
89307548
89371549
89435550
89499551
89563552
89627553
89691554
89755555
89819556
89883557
89947558
90011559
90075560
90139561
90203562
90267563
90331564
90395565
90459566
90523567
90587568
90651569
90715570
90779571
90843572
90907573
90971574
91035575
91099576
91163577
91227578
91291579
91355580
91419581
91483582
91547583
91611584
91675585
91739586
91803587
91867588
91931589
91995590
92059591
92123592
92187593
92251594
92315595
92379596
92443597
92507598
92571599
92635600
92699601
92763602
92827603
92891604
92955605
93019606
93211609
93403612
93595615
93787618
93851619
93915620
93979621
94043622
94107623
94171624
94235625
94299626
94363627
94427628
94491629
94555630
94619631
94683632
94747633
94811634
94875635
94939636
95003637
95067638
95131639
95195640
95259641
95323642
95387643
95451644
95515645
95579646
95643647
95707648
95771649
95835650
95899651
95963652
96027653
96091654
96155655
96219656
96283657
96347658
96411659
96475660
96539661
96603662
96667663
96731664
96795665
96859666
96923667
96987668
97051669
97115670
97179671
97243672
97307673
97371674
97435675
97499676
97563677
97627678
97691679
97755680
97819681
97883682
97947683
98011684
98075685
98139686
98203687
98267688
98331689
98395690
98459691
98523692
98587693
98651694
98715695
98779696
98843697
98907698
98971699
99035700
99099701
99163702
99227703
99291704
99355705
99419706
99483707
99547708
99611709
99675710
99739711
99803712
99867713
100059716
100251719
100443722
100571724
100699726
100763727
100827728
100891729
100955730
101019731
101083732
101147733
101211734
101275735
101339736
101403737
101467738
101531739
101595740
101659741
101723742
101787743
101851744
101915745
101979746
102043747
102107748
102171749
102235750
102299751
102363752
102427753
102491754
102555755
102619756
102683757
102747758
102811759
